120.31538930 233.60688088 186.43083265 176.31499165 -40.97185753 -103.28302315
118.66735660 242.92559570 187.26482440 176.31499165 -40.97185753 -103.28302315
119.01498675 242.98479537 187.29029350 176.31499165 -40.97185753 -103.28302315
120.66301946 233.66608055 186.45630175 176.31499165 -40.97185753 -103.28302315
120.97390799 233.71586662 186.51435057 176.31499165 -40.97185753 -103.28302315
119.32587529 243.03458145 187.34834232 176.31499165 -40.97185753 -103.28302315
119.74303147 243.10562105 187.37890524 176.31499165 -40.97185753 -103.28302315
121.39106418 233.78690623 186.54491349 176.31499165 -40.97185753 -103.28302315
121.86079080 233.89530844 186.26188371 176.31499165 -40.97185753 -103.28302315
120.21275810 243.21402327 187.09587546 176.31499165 -40.97185753 -103.28302315
120.33683317 243.26671944 186.75224995 176.31499165 -40.97185753 -103.28302315
121.98486588 233.94800462 185.91825820 176.31499165 -40.97185753 -103.28302315
122.10894095 234.00070079 185.57463269 176.31499165 -40.97185753 -103.28302315
120.46090825 243.31941561 186.40862444 176.31499165 -40.97185753 -103.28302315
120.58498332 243.37211179 186.06499894 176.31499165 -40.97185753 -103.28302315
122.23301602 234.05339697 185.23100719 176.31499165 -40.97185753 -103.28302315
122.35709110 234.10609314 184.88738168 176.31499165 -40.97185753 -103.28302315
120.70905839 243.42480796 185.72137343 176.31499165 -40.97185753 -103.28302315
120.83313347 243.47750414 185.37774792 176.31499165 -40.97185753 -103.28302315
122.48116617 234.15878931 184.54375617 176.31499165 -40.97185753 -103.28302315
122.60524125 234.21148549 184.20013066 176.31499165 -40.97185753 -103.28302315
120.95720854 243.53020031 185.03412242 176.31499165 -40.97185753 -103.28302315
121.08128362 243.58289648 184.69049691 176.31499165 -40.97185753 -103.28302315
122.72931632 234.26418166 183.85650516 176.31499165 -40.97185753 -103.28302315
122.85339139 234.31687784 183.51287965 176.31499165 -40.97185753 -103.28302315
121.20535869 243.63559266 184.34687140 176.31499165 -40.97185753 -103.28302315
121.32943376 243.68828883 184.00324589 176.31499165 -40.97185753 -103.28302315
122.97746647 234.36957401 183.16925414 176.31499165 -40.97185753 -103.28302315
123.10154154 234.42227018 182.82562863 176.31499165 -40.97185753 -103.28302315
121.45350884 243.74098501 183.65962039 176.31499165 -40.97185753 -103.28302315
121.82544561 243.81537236 183.56341976 176.31499165 -40.97185753 -103.28302315
123.47347831 234.49665753 182.72942801 176.31499165 -40.97185753 -103.28302315
123.84541508 234.57104488 182.63322738 176.31499165 -40.97185753 -103.28302315
122.19738238 243.88975970 183.46721913 176.31499165 -40.97185753 -103.28302315
122.56931915 243.96414705 183.37101851 176.31499165 -40.97185753 -103.28302315
124.21735186 234.64543223 182.53702676 176.31499165 -40.97185753 -103.28302315
124.58928863 234.71981958 182.44082613 176.31499165 -40.97185753 -103.28302315
122.94125592 244.03853440 183.27481788 176.31499165 -40.97185753 -103.28302315
123.31319269 244.11292175 183.17861726 176.31499165 -40.97185753 -103.28302315
124.96122540 234.79420693 182.34462550 176.31499165 -40.97185753 -103.28302315
125.33316217 234.86859428 182.24842488 176.31499165 -40.97185753 -103.28302315
123.68512946 244.18730910 183.08241663 176.31499165 -40.97185753 -103.28302315
124.05706624 244.26169645 182.98621600 176.31499165 -40.97185753 -103.28302315
125.70509894 234.94298163 182.15222425 176.31499165 -40.97185753 -103.28302315
126.07703571 235.01736898 182.05602363 176.31499165 -40.97185753 -103.28302315
124.42900301 244.33608380 182.89001538 176.31499165 -40.97185753 -103.28302315
124.80093978 244.41047115 182.79381475 176.31499165 -40.97185753 -103.28302315
126.44897248 235.09175632 181.95982300 176.31499165 -40.97185753 -103.28302315
126.82090925 235.16614367 181.86362237 176.31499165 -40.97185753 -103.28302315
125.17287655 244.48485850 182.69761412 176.31499165 -40.97185753 -103.28302315
125.54481332 244.55924585 182.60141350 176.31499165 -40.97185753 -103.28302315
127.19284603 235.24053102 181.76742175 176.31499165 -40.97185753 -103.28302315
127.44155956 235.31918752 181.38002049 176.31499165 -40.97185753 -103.28302315
125.79352685 244.63790234 182.21401224 176.31499165 -40.97185753 -103.28302315
125.81727009 244.67982587 181.79249276 176.31499165 -40.97185753 -103.28302315
127.46530279 235.36111105 180.95850100 176.31499165 -40.97185753 -103.28302315
127.44439000 235.37964647 180.71006773 176.31499165 -40.97185753 -103.28302315
125.79635729 244.69836130 181.54405948 176.31499165 -40.97185753 -103.28302315
125.70987567 244.71204404 181.22027913 176.31499165 -40.97185753 -103.28302315
127.35790837 235.39332922 180.38628738 176.31499165 -40.97185753 -103.28302315
