113.89789386 242.09136379 190.00914259 176.31499165 -40.97185753 -103.28302315
118.08674673 240.79416990 186.44744731 176.31499165 -40.97185753 -103.28302315
118.04771820 240.48104740 186.50157733 176.31499165 -40.97185753 -103.28302315
118.04245743 240.43816186 186.50891739 176.31499165 -40.97185753 -103.28302315
118.04203509 240.43471987 186.50950660 176.31499165 -40.97185753 -103.28302315
118.04175866 240.43021883 186.51003704 176.31499165 -40.97185753 -103.28302315
118.04159575 240.42756327 186.51034984 176.31499165 -40.97185753 -103.28302315
118.02438764 240.18592716 186.54088717 176.31499165 -40.97185753 -103.28302315
118.02029156 240.06892462 186.55198715 176.31499165 -40.97185753 -103.28302315
118.02025559 239.96317843 186.55882897 176.31499165 -40.97185753 -103.28302315
118.02025448 239.96045296 186.55900547 176.31499165 -40.97185753 -103.28302315
118.02079255 239.81414649 186.56796000 176.31499165 -40.97185753 -103.28302315
118.02080458 239.81378019 186.56797312 176.31499165 -40.97185753 -103.28302315
118.02433057 239.70364354 186.57199800 176.31499165 -40.97185753 -103.28302315
118.04031522 239.50450120 186.57091341 176.31499165 -40.97185753 -103.28302315
118.05877128 239.32155366 186.56663512 176.31499165 -40.97185753 -103.28302315
118.09226925 239.07356306 186.55345606 176.31499165 -40.97185753 -103.28302315
118.11888705 238.91283756 186.54064403 176.31499165 -40.97185753 -103.28302315
118.19343305 238.56279983 186.49831627 176.31499165 -40.97185753 -103.28302315
118.19622129 238.54759923 186.49686886 176.31499165 -40.97185753 -103.28302315
118.19623532 238.54752203 186.49686163 176.31499165 -40.97185753 -103.28302315
118.28766008 238.09827282 186.44623522 176.31499165 -40.97185753 -103.28302315
118.29250526 238.06899548 186.44390441 176.31499165 -40.97185753 -103.28302315
118.30493025 237.97809668 186.43894616 176.31499165 -40.97185753 -103.28302315
118.33395450 237.80958989 186.42454113 176.31499165 -40.97185753 -103.28302315
118.34826244 237.65309247 186.42216914 176.31499165 -40.97185753 -103.28302315
118.35481087 237.58713398 186.42071855 176.31499165 -40.97185753 -103.28302315
118.35938182 237.50008979 186.42234683 176.31499165 -40.97185753 -103.28302315
118.38030895 237.12212734 186.42847797 176.31499165 -40.97185753 -103.28302315
118.38408443 237.00525320 186.43271966 176.31499165 -40.97185753 -103.28302315
118.41136376 236.55479541 186.43799197 176.31499165 -40.97185753 -103.28302315
118.41371215 236.51945977 186.43822412 176.31499165 -40.97185753 -103.28302315
118.41397189 236.51555130 186.43824981 176.31499165 -40.97185753 -103.28302315
118.41423237 236.51376780 186.43813800 176.31499165 -40.97185753 -103.28302315
118.41455597 236.51109924 186.43802826 176.31499165 -40.97185753 -103.28302315
118.41483286 236.50881904 186.43793415 176.31499165 -40.97185753 -103.28302315
118.46382574 236.13099871 186.41963265 176.31499165 -40.97185753 -103.28302315
118.47279710 236.07887477 186.41518257 176.31499165 -40.97185753 -103.28302315
118.49781095 235.95784354 186.40120986 176.31499165 -40.97185753 -103.28302315
118.51635200 235.84833184 186.39212802 176.31499165 -40.97185753 -103.28302315
118.53440462 235.76177894 186.38199258 176.31499165 -40.97185753 -103.28302315
118.60348114 235.50939171 186.33813538 176.31499165 -40.97185753 -103.28302315
118.61960902 235.46318099 186.32707668 176.31499165 -40.97185753 -103.28302315
118.73528513 235.16280790 186.24575789 176.31499165 -40.97185753 -103.28302315
118.74092344 235.14864849 186.24176322 176.31499165 -40.97185753 -103.28302315
118.74158424 235.14704933 186.24129117 176.31499165 -40.97185753 -103.28302315
118.74226838 235.14539283 186.24080251 176.31499165 -40.97185753 -103.28302315
118.74264872 235.14477277 186.24051146 176.31499165 -40.97185753 -103.28302315
118.74397814 235.14260516 186.23949417 176.31499165 -40.97185753 -103.28302315
118.79562558 235.03891027 186.20122773 176.31499165 -40.97185753 -103.28302315
118.88004681 234.90367863 186.13647186 176.31499165 -40.97185753 -103.28302315
118.96807490 234.78957913 186.06721621 176.31499165 -40.97185753 -103.28302315
119.01676923 234.72145402 186.02922879 176.31499165 -40.97185753 -103.28302315
119.03713666 234.69295956 186.01333973 176.31499165 -40.97185753 -103.28302315
119.04945582 234.67493730 186.00378001 176.31499165 -40.97185753 -103.28302315
119.18642111 234.48983790 185.89651074 176.31499165 -40.97185753 -103.28302315
119.23396226 234.42635701 185.85922774 176.31499165 -40.97185753 -103.28302315
119.37830660 234.26581557 185.74395540 176.31499165 -40.97185753 -103.28302315
119.38447340 234.25848675 185.73906091 176.31499165 -40.97185753 -103.28302315
119.39386557 234.24956751 185.73146206 176.31499165 -40.97185753 -103.28302315
119.48710767 234.16948874 185.65547797 176.31499165 -40.97185753 -103.28302315
119.52926892 234.13858210 185.62077876 176.31499165 -40.97185753 -103.28302315
119.66732290 234.04117921 185.50691405 176.31499165 -40.97185753 -103.28302315
119.66772506 234.04089550 185.50658235 176.31499165 -40.97185753 -103.28302315
119.66847156 234.04044382 185.50596182 176.31499165 -40.97185753 -103.28302315
119.71818682 234.01034071 185.46463718 176.31499165 -40.97185753 -103.28302315
119.83690547 233.94367346 185.36561902 176.31499165 -40.97185753 -103.28302315
119.90693641 233.91859260 185.30629174 176.31499165 -40.97185753 -103.28302315
119.99843419 233.87211660 185.22966143 176.31499165 -40.97185753 -103.28302315
120.29365091 233.77913397 184.97874525 176.31499165 -40.97185753 -103.28302315
120.34742016 233.75753211 184.93334522 176.31499165 -40.97185753 -103.28302315
120.39785568 233.74448119 184.89029555 176.31499165 -40.97185753 -103.28302315
120.49729978 233.72819284 184.80480595 176.31499165 -40.97185753 -103.28302315
120.61125991 233.70672510 184.70701772 176.31499165 -40.97185753 -103.28302315
120.69148463 233.69071722 184.63823523 176.31499165 -40.97185753 -103.28302315
120.78081170 233.68099544 184.56112680 176.31499165 -40.97185753 -103.28302315
120.92395575 233.66788403 184.43740384 176.31499165 -40.97185753 -103.28302315
120.99374112 233.66556407 184.37682436 176.31499165 -40.97185753 -103.28302315
121.19335809 233.67405415 184.20256609 176.31499165 -40.97185753 -103.28302315
121.29445271 233.68289244 184.11402190 176.31499165 -40.97185753 -103.28302315
121.56868847 233.71196647 183.87350287 176.31499165 -40.97185753 -103.28302315
121.61970934 233.71387821 183.82898016 176.31499165 -40.97185753 -103.28302315
121.71370648 233.70746954 183.74759434 176.31499165 -40.97185753 -103.28302315
121.78143854 233.68702978 183.68996869 176.31499165 -40.97185753 -103.28302315
121.82456855 233.65327347 183.65460997 176.31499165 -40.97185753 -103.28302315
121.85008841 233.61776283 183.63468902 176.31499165 -40.97185753 -103.28302315
121.87311531 233.59259830 183.61627116 176.31499165 -40.97185753 -103.28302315
121.92879929 233.61479462 183.56638409 176.31499165 -40.97185753 -103.28302315
122.16729261 233.70986181 183.35271874 176.31499165 -40.97185753 -103.28302315
122.19826042 233.72220625 183.32497478 176.31499165 -40.97185753 -103.28302315
122.21919168 233.73054959 183.30622255 176.31499165 -40.97185753 -103.28302315
122.40639356 233.80517073 183.13850906 176.31499165 -40.97185753 -103.28302315
122.50403397 233.84409198 183.05103333 176.31499165 -40.97185753 -103.28302315
122.53910362 233.85807065 183.01961459 176.31499165 -40.97185753 -103.28302315
122.79797310 233.96125975 182.78769434 176.31499165 -40.97185753 -103.28302315
123.13857645 234.09702896 182.48254901 176.31499165 -40.97185753 -103.28302315
123.24738318 234.14040065 182.38506946 176.31499165 -40.97185753 -103.28302315
123.25029751 234.14156244 182.38245851 176.31499165 -40.97185753 -103.28302315
123.31413817 234.16701029 182.32526389 176.31499165 -40.97185753 -103.28302315
123.33217918 234.17420144 182.30910102 176.31499165 -40.97185753 -103.28302315
123.56630476 234.26752764 182.09934872 176.31499165 -40.97185753 -103.28302315
123.56651531 234.29320504 182.09751176 176.31499165 -40.97185753 -103.28302315
123.56666051 234.31092445 182.09624419 176.31499165 -40.97185753 -103.28302315
123.60295641 234.39457765 182.05927100 176.31499165 -40.97185753 -103.28302315
123.69134657 234.51960351 181.97429955 176.31499165 -40.97185753 -103.28302315
123.88956721 234.69907167 181.79024467 176.31499165 -40.97185753 -103.28302315
123.93148557 234.73863804 181.75121806 176.31499165 -40.97185753 -103.28302315
124.11610927 234.89028546 181.58078733 176.31499165 -40.97185753 -103.28302315
124.32230003 235.06849880 181.38987747 176.31499165 -40.97185753 -103.28302315
124.39204113 235.12350988 181.32564415 176.31499165 -40.97185753 -103.28302315
124.48458027 235.20423127 181.23991555 176.31499165 -40.97185753 -103.28302315
124.52762466 235.23425617 181.20052356 176.31499165 -40.97185753 -103.28302315
124.62454722 235.28974135 181.11260574 176.31499165 -40.97185753 -103.28302315
124.68678263 235.32597006 181.05611370 176.31499165 -40.97185753 -103.28302315
124.77903387 235.39540013 180.97136287 176.31499165 -40.97185753 -103.28302315
124.92722789 235.52129262 180.83429285 176.31499165 -40.97185753 -103.28302315
124.97684928 235.56699632 180.78816761 176.31499165 -40.97185753 -103.28302315
125.13183813 235.70680266 180.64428846 176.31499165 -40.97185753 -103.28302315
125.36326721 235.91975211 180.42917845 176.31499165 -40.97185753 -103.28302315
125.45489475 236.01377576 180.34338644 176.31499165 -40.97185753 -103.28302315
125.49729540 236.05683395 180.30371524 176.31499165 -40.97185753 -103.28302315
125.56257484 236.13115514 180.24212090 176.31499165 -40.97185753 -103.28302315
125.65321806 236.23642237 180.15646133 176.31499165 -40.97185753 -103.28302315
125.65478640 236.23824405 180.15497919 176.31499165 -40.97185753 -103.28302315
125.65593187 236.23954498 180.15389860 176.31499165 -40.97185753 -103.28302315
125.80512621 236.40896495 180.01315472 176.31499165 -40.97185753 -103.28302315
125.81688770 236.42292946 180.00202021 176.31499165 -40.97185753 -103.28302315
125.81729333 236.42351254 180.00162967 176.31499165 -40.97185753 -103.28302315
125.85574174 236.47875365 179.96461317 176.31499165 -40.97185753 -103.28302315
126.03659117 236.77657561 179.78805263 176.31499165 -40.97185753 -103.28302315
126.05745092 236.81073064 179.76770025 176.31499165 -40.97185753 -103.28302315
126.07453332 236.84311896 179.75074878 176.31499165 -40.97185753 -103.28302315
126.18158506 237.01391644 179.64658969 176.31499165 -40.97185753 -103.28302315
126.23894035 237.12620566 179.58944583 176.31499165 -40.97185753 -103.28302315
126.26770436 237.19731000 179.55983526 176.31499165 -40.97185753 -103.28302315
126.30323740 237.29114457 179.52287021 176.31499165 -40.97185753 -103.28302315
126.38107487 237.50520888 179.44134750 176.31499165 -40.97185753 -103.28302315
126.40797075 237.60865168 179.41127990 176.31499165 -40.97185753 -103.28302315
126.49607805 237.96508366 179.31165104 176.31499165 -40.97185753 -103.28302315
126.50417791 238.01682657 179.30126988 176.31499165 -40.97185753 -103.28302315
126.52882694 238.20783280 179.26751807 176.31499165 -40.97185753 -103.28302315
126.54595496 238.43026111 179.23828750 176.31499165 -40.97185753 -103.28302315
126.55785292 238.63436908 179.21478816 176.31499165 -40.97185753 -103.28302315
126.55923837 238.76874291 179.20492825 176.31499165 -40.97185753 -103.28302315
126.55086332 239.08741111 179.19169281 176.31499165 -40.97185753 -103.28302315
126.54925031 239.11398051 179.19138530 176.31499165 -40.97185753 -103.28302315
126.54778628 239.13107739 179.19155822 176.31499165 -40.97185753 -103.28302315
126.51653851 239.48072319 179.19623207 176.31499165 -40.97185753 -103.28302315
126.47276547 239.85770005 179.21004546 176.31499165 -40.97185753 -103.28302315
126.45903269 239.93153434 179.21724081 176.31499165 -40.97185753 -103.28302315
126.39806857 240.13827207 179.25697844 176.31499165 -40.97185753 -103.28302315
126.34961588 240.27285417 179.29047546 176.31499165 -40.97185753 -103.28302315
126.31517558 240.37904656 179.31360698 176.31499165 -40.97185753 -103.28302315
126.27887214 240.49338187 179.33783541 176.31499165 -40.97185753 -103.28302315
126.24369315 240.61421627 179.36066675 176.31499165 -40.97185753 -103.28302315
126.20780175 240.76472705 179.38220676 176.31499165 -40.97185753 -103.28302315
126.18518561 240.86725689 179.39528450 176.31499165 -40.97185753 -103.28302315
126.12178146 241.21338733 179.42816800 176.31499165 -40.97185753 -103.28302315
126.12002753 241.22286167 179.42908413 176.31499165 -40.97185753 -103.28302315
126.11805797 241.23150485 179.43024142 176.31499165 -40.97185753 -103.28302315
126.07624009 241.39332267 179.45621057 176.31499165 -40.97185753 -103.28302315
126.04414558 241.50580178 179.47689584 176.31499165 -40.97185753 -103.28302315
126.00392233 241.64569597 179.50288928 176.31499165 -40.97185753 -103.28302315
126.00134734 241.65372394 179.50461306 176.31499165 -40.97185753 -103.28302315
125.99836651 241.66288284 179.50661718 176.31499165 -40.97185753 -103.28302315
125.84740754 242.09120362 179.61039957 176.31499165 -40.97185753 -103.28302315
125.81084882 242.17634714 179.63673023 176.31499165 -40.97185753 -103.28302315
125.72584173 242.38822395 179.69705965 176.31499165 -40.97185753 -103.28302315
125.71381262 242.41950114 179.70551328 176.31499165 -40.97185753 -103.28302315
125.69506923 242.46300265 179.71902254 176.31499165 -40.97185753 -103.28302315
125.53847883 242.80197961 179.83345967 176.31499165 -40.97185753 -103.28302315
125.49822296 242.88081058 179.86341424 176.31499165 -40.97185753 -103.28302315
125.40710239 243.04456205 179.93216323 176.31499165 -40.97185753 -103.28302315
125.19628864 243.35664228 180.09551909 176.31499165 -40.97185753 -103.28302315
125.14967898 243.42669643 180.13156814 176.31499165 -40.97185753 -103.28302315
125.12980148 243.45392003 180.14711270 176.31499165 -40.97185753 -103.28302315
125.03932407 243.56295615 180.21882591 176.31499165 -40.97185753 -103.28302315
124.97825239 243.64227071 180.26686375 176.31499165 -40.97185753 -103.28302315
124.95279662 243.67054618 180.28719491 176.31499165 -40.97185753 -103.28302315
124.71483085 243.91208936 180.47872199 176.31499165 -40.97185753 -103.28302315
124.68046685 243.94538782 180.50648180 176.31499165 -40.97185753 -103.28302315
124.53683457 244.06568828 180.62372619 176.31499165 -40.97185753 -103.28302315
124.32514733 244.24600059 180.79632860 176.31499165 -40.97185753 -103.28302315
124.29632012 244.26748031 180.82003134 176.31499165 -40.97185753 -103.28302315
124.26202222 244.28947694 180.84846151 176.31499165 -40.97185753 -103.28302315
124.06832103 244.39346802 181.01032745 176.31499165 -40.97185753 -103.28302315
123.97576349 244.43855821 181.08796924 176.31499165 -40.97185753 -103.28302315
123.87637010 244.48008159 181.17178947 176.31499165 -40.97185753 -103.28302315
123.78391289 244.49904648 181.25102653 176.31499165 -40.97185753 -103.28302315
123.62871032 244.51272901 181.38520631 176.31499165 -40.97185753 -103.28302315
123.53933755 244.52931492 181.46191243 176.31499165 -40.97185753 -103.28302315
123.47837037 244.53767413 181.51442916 176.31499165 -40.97185753 -103.28302315
123.40758323 244.55233671 181.57508550 176.31499165 -40.97185753 -103.28302315
123.31654403 244.56845703 181.65327178 176.31499165 -40.97185753 -103.28302315
123.25084601 244.57953175 181.70973050 176.31499165 -40.97185753 -103.28302315
123.20629394 244.59316452 181.74762278 176.31499165 -40.97185753 -103.28302315
123.10094162 244.55487341 181.84176901 176.31499165 -40.97185753 -103.28302315
123.08877092 244.55044969 181.85264515 176.31499165 -40.97185753 -103.28302315
123.08336362 244.54848441 181.85747728 176.31499165 -40.97185753 -103.28302315
123.07761702 244.54639553 181.86261264 176.31499165 -40.97185753 -103.28302315
123.07761702 244.54639553 181.86261264 176.31499165 -40.97185753 -103.28302315
123.06345536 244.54124853 181.87526795 176.31499165 -40.97185753 -103.28302315
123.05459655 244.53802882 181.88318446 176.31499165 -40.97185753 -103.28302315
119.96913331 243.41659031 184.64045408 176.31499165 -40.97185753 -103.28302315
119.81732148 243.36141308 184.77611803 176.31499165 -40.97185753 -103.28302315
119.55542992 243.26622649 185.01015278 176.31499165 -40.97185753 -103.28302315
119.55067720 243.25585649 185.01495658 176.31499165 -40.97185753 -103.28302315
119.51091597 243.16910254 185.05514509 176.31499165 -40.97185753 -103.28302315
119.36885172 243.00593591 185.18928145 176.31499165 -40.97185753 -103.28302315
119.36343216 242.99938620 185.19441950 176.31499165 -40.97185753 -103.28302315
119.24028544 242.90433323 185.30770656 176.31499165 -40.97185753 -103.28302315
119.13730082 242.82773810 185.40225931 176.31499165 -40.97185753 -103.28302315
119.11027167 242.80514220 185.42723599 176.31499165 -40.97185753 -103.28302315
119.04050878 242.74113749 185.49206751 176.31499165 -40.97185753 -103.28302315
118.95666970 242.64527145 185.57120049 176.31499165 -40.97185753 -103.28302315
118.93613554 242.62279217 185.59051756 176.31499165 -40.97185753 -103.28302315
118.84023453 242.49721682 185.68206052 176.31499165 -40.97185753 -103.28302315
118.79020176 242.42586739 185.73019545 176.31499165 -40.97185753 -103.28302315
118.63602916 242.23753593 185.87648952 176.31499165 -40.97185753 -103.28302315
118.61089916 242.20506296 185.90044965 176.31499165 -40.97185753 -103.28302315
118.60500575 242.19535533 185.90620344 176.31499165 -40.97185753 -103.28302315
118.60248248 242.19119881 185.90866695 176.31499165 -40.97185753 -103.28302315
118.60066852 242.18793272 185.91045585 176.31499165 -40.97185753 -103.28302315
118.58021866 242.15110997 185.93062336 176.31499165 -40.97185753 -103.28302315
118.49075130 241.98302244 186.01930557 176.31499165 -40.97185753 -103.28302315
118.39113557 241.77092815 186.11965336 176.31499165 -40.97185753 -103.28302315
118.32362892 241.60676766 186.18897192 176.31499165 -40.97185753 -103.28302315
118.24014652 241.35099794 186.27809298 176.31499165 -40.97185753 -103.28302315
118.19521833 241.20219876 186.32677389 176.31499165 -40.97185753 -103.28302315
118.13799319 241.00040971 186.38956867 176.31499165 -40.97185753 -103.28302315
118.08674673 240.79416990 186.44744731 176.31499165 -40.97185753 -103.28302315
