118.26557005 240.72692211 186.29616203 176.31499165 -40.97185753 -103.28302315
118.22882066 240.43208606 186.34713095 176.31499165 -40.97185753 -103.28302315
118.22430601 240.39528306 186.35342998 176.31499165 -40.97185753 -103.28302315
118.22426758 240.39473197 186.35349891 176.31499165 -40.97185753 -103.28302315
118.20746476 240.15878819 186.38331694 176.31499165 -40.97185753 -103.28302315
118.20376244 240.05303344 186.39334985 176.31499165 -40.97185753 -103.28302315
118.20372839 239.95282893 186.39983309 176.31499165 -40.97185753 -103.28302315
118.20372816 239.95280748 186.39983468 176.31499165 -40.97185753 -103.28302315
118.20372736 239.95073677 186.39996873 176.31499165 -40.97185753 -103.28302315
118.20424648 239.80964467 186.40860393 176.31499165 -40.97185753 -103.28302315
118.20739064 239.71142801 186.41219338 176.31499165 -40.97185753 -103.28302315
118.22249122 239.52330105 186.41116869 176.31499165 -40.97185753 -103.28302315
118.24007138 239.34903413 186.40709356 176.31499165 -40.97185753 -103.28302315
118.27220250 239.11116234 186.39445227 176.31499165 -40.97185753 -103.28302315
118.29685048 238.96233310 186.38258826 176.31499165 -40.97185753 -103.28302315
118.36988589 238.61938713 186.34111831 176.31499165 -40.97185753 -103.28302315
118.37163748 238.61054737 186.34016335 176.31499165 -40.97185753 -103.28302315
118.37388636 238.59828690 186.33899596 176.31499165 -40.97185753 -103.28302315
118.37442573 238.59534678 186.33871593 176.31499165 -40.97185753 -103.28302315
118.37452733 238.59479092 186.33866332 176.31499165 -40.97185753 -103.28302315
118.37454136 238.59471371 186.33865609 176.31499165 -40.97185753 -103.28302315
118.37327292 238.60130198 186.33933560 176.31499165 -40.97185753 -103.28302315
118.37388636 238.59828690 186.33899596 176.31499165 -40.97185753 -103.28302315
118.46469768 238.15205277 186.28870919 176.31499165 -40.97185753 -103.28302315
118.46681860 238.14055100 186.28760428 176.31499165 -40.97185753 -103.28302315
118.47166378 238.11127365 186.28527348 176.31499165 -40.97185753 -103.28302315
118.47301115 238.10235436 186.28467540 176.31499165 -40.97185753 -103.28302315
118.48468230 238.01696903 186.28001807 176.31499165 -40.97185753 -103.28302315
118.51276398 237.85393492 186.26608083 176.31499165 -40.97185753 -103.28302315
118.51608883 237.82866264 186.26481511 176.31499165 -40.97185753 -103.28302315
118.53028238 237.67341466 186.26246218 176.31499165 -40.97185753 -103.28302315
118.53670673 237.60870452 186.26103918 176.31499165 -40.97185753 -103.28302315
118.53784065 237.59375798 186.26101503 176.31499165 -40.97185753 -103.28302315
118.54238770 237.50717203 186.26263460 176.31499165 -40.97185753 -103.28302315
118.56328948 237.12966775 186.26875829 176.31499165 -40.97185753 -103.28302315
118.56361407 237.12225914 186.26895297 176.31499165 -40.97185753 -103.28302315
118.56724288 237.00992358 186.27302999 176.31499165 -40.97185753 -103.28302315
118.59419022 236.56494672 186.27823822 176.31499165 -40.97185753 -103.28302315
118.59607909 236.53652748 186.27842480 176.31499165 -40.97185753 -103.28302315
118.64376816 236.16876155 186.26061036 176.31499165 -40.97185753 -103.28302315
118.65071275 236.12841264 186.25716566 176.31499165 -40.97185753 -103.28302315
118.67465516 236.01256582 186.24379143 176.31499165 -40.97185753 -103.28302315
118.67677377 236.00129042 186.24267395 176.31499165 -40.97185753 -103.28302315
118.69430749 235.89772934 186.23408547 176.31499165 -40.97185753 -103.28302315
118.70915782 235.82652910 186.22574796 176.31499165 -40.97185753 -103.28302315
118.77292578 235.59353838 186.18526117 176.31499165 -40.97185753 -103.28302315
118.78406765 235.56161363 186.17762134 176.31499165 -40.97185753 -103.28302315
118.89745496 235.26718429 186.09791152 176.31499165 -40.97185753 -103.28302315
118.89788719 235.26609886 186.09760529 176.31499165 -40.97185753 -103.28302315
118.94177389 235.17798559 186.06508891 176.31499165 -40.97185753 -103.28302315
119.01295190 235.06396735 186.01049137 176.31499165 -40.97185753 -103.28302315
119.09362709 234.95939882 185.94702055 176.31499165 -40.97185753 -103.28302315
119.09885262 234.95236176 185.94292639 176.31499165 -40.97185753 -103.28302315
119.14754647 234.88423726 185.90493935 176.31499165 -40.97185753 -103.28302315
119.16791382 234.85574327 185.88905033 176.31499165 -40.97185753 -103.28302315
119.17086709 234.85151819 185.88675244 176.31499165 -40.97185753 -103.28302315
119.18059422 234.83728770 185.87920416 176.31499165 -40.97185753 -103.28302315
119.31444542 234.65639687 185.77437379 176.31499165 -40.97185753 -103.28302315
119.35531573 234.60182325 185.74232225 176.31499165 -40.97185753 -103.28302315
119.49285709 234.44884857 185.63248270 176.31499165 -40.97185753 -103.28302315
119.49490874 234.44653426 185.63084635 176.31499165 -40.97185753 -103.28302315
119.57669167 234.37629703 185.56420047 176.31499165 -40.97185753 -103.28302315
119.61157847 234.35072293 185.53548822 176.31499165 -40.97185753 -103.28302315
119.74349405 234.25765092 185.42668636 176.31499165 -40.97185753 -103.28302315
119.78621259 234.23178420 185.39117760 176.31499165 -40.97185753 -103.28302315
119.89040865 234.17327226 185.30427211 176.31499165 -40.97185753 -103.28302315
119.94784709 234.15270143 185.25561265 176.31499165 -40.97185753 -103.28302315
119.96632046 234.14472227 185.24005058 176.31499165 -40.97185753 -103.28302315
120.04599669 234.10425098 185.17332094 176.31499165 -40.97185753 -103.28302315
120.32895243 234.01512992 184.93282585 176.31499165 -40.97185753 -103.28302315
120.34010715 234.01113648 184.92337594 176.31499165 -40.97185753 -103.28302315
120.38467123 233.99323255 184.88574830 176.31499165 -40.97185753 -103.28302315
120.41927516 233.98427835 184.85621182 176.31499165 -40.97185753 -103.28302315
120.51223913 233.96905160 184.77629301 176.31499165 -40.97185753 -103.28302315
120.51560985 233.96845771 184.77339799 176.31499165 -40.97185753 -103.28302315
120.62956999 233.94698997 184.67560975 176.31499165 -40.97185753 -103.28302315
120.63109393 233.94669446 184.67430261 176.31499165 -40.97185753 -103.28302315
120.70509433 233.93192861 184.61085668 176.31499165 -40.97185753 -103.28302315
120.78697144 233.92301752 184.54017917 176.31499165 -40.97185753 -103.28302315
120.92487250 233.91038651 184.42098785 176.31499165 -40.97185753 -103.28302315
120.98536070 233.90837559 184.36847908 176.31499165 -40.97185753 -103.28302315
121.17666211 233.91651192 184.20147999 176.31499165 -40.97185753 -103.28302315
121.27341844 233.92497112 184.11673550 176.31499165 -40.97185753 -103.28302315
121.54639020 233.95391100 183.87732508 176.31499165 -40.97185753 -103.28302315
121.55577132 233.95458324 183.86911811 176.31499165 -40.97185753 -103.28302315
121.60679220 233.95649498 183.82459539 176.31499165 -40.97185753 -103.28302315
121.62142569 233.95626922 183.81187552 176.31499165 -40.97185753 -103.28302315
121.71542283 233.94986055 183.73048970 176.31499165 -40.97185753 -103.28302315
121.74727299 233.94400078 183.70315032 176.31499165 -40.97185753 -103.28302315
121.81500504 233.92356102 183.64552468 176.31499165 -40.97185753 -103.28302315
121.86984898 233.89458175 183.59966456 176.31499165 -40.97185753 -103.28302315
121.90951367 233.86353759 183.56714677 176.31499165 -40.97185753 -103.28302315
122.10763806 233.94251298 183.38964782 176.31499165 -40.97185753 -103.28302315
122.13860551 233.95485733 183.36190417 176.31499165 -40.97185753 -103.28302315
122.15953826 233.96320105 183.34315062 176.31499165 -40.97185753 -103.28302315
122.34673939 234.03782200 183.17543779 176.31499165 -40.97185753 -103.28302315
122.44437954 234.07674317 183.08796229 176.31499165 -40.97185753 -103.28302315
122.47945056 234.09072269 183.05654232 176.31499165 -40.97185753 -103.28302315
122.73831910 234.19391106 182.82462292 176.31499165 -40.97185753 -103.28302315
123.07892252 234.32968029 182.51947752 176.31499165 -40.97185753 -103.28302315
123.18772744 234.37305151 182.42199958 176.31499165 -40.97185753 -103.28302315
123.19063981 234.37421231 182.41939041 176.31499165 -40.97185753 -103.28302315
123.25448409 234.39966157 182.36219254 176.31499165 -40.97185753 -103.28302315
123.27252596 234.40685295 182.34602892 176.31499165 -40.97185753 -103.28302315
123.41809202 234.46487825 182.21561676 176.31499165 -40.97185753 -103.28302315
123.44286935 234.52198344 182.19037711 176.31499165 -40.97185753 -103.28302315
123.46651055 234.56431049 182.16707792 176.31499165 -40.97185753 -103.28302315
123.55490071 234.68933635 182.08210647 176.31499165 -40.97185753 -103.28302315
123.58343545 234.72174559 182.05518757 176.31499165 -40.97185753 -103.28302315
123.78026224 234.89995163 181.87242693 176.31499165 -40.97185753 -103.28302315
123.82080603 234.93822022 181.83468008 176.31499165 -40.97185753 -103.28302315
123.83002876 234.94634867 181.82613074 176.31499165 -40.97185753 -103.28302315
124.01295477 235.09660135 181.65726721 176.31499165 -40.97185753 -103.28302315
124.21747328 235.27336926 181.46790567 176.31499165 -40.97185753 -103.28302315
124.22350539 235.27835242 181.46233545 176.31499165 -40.97185753 -103.28302315
124.28987696 235.33070533 181.40120557 176.31499165 -40.97185753 -103.28302315
124.37914362 235.40857242 181.31850860 176.31499165 -40.97185753 -103.28302315
124.39372645 235.41998052 181.30508354 176.31499165 -40.97185753 -103.28302315
124.43677084 235.45000541 181.26569155 176.31499165 -40.97185753 -103.28302315
124.44885622 235.45766501 181.25468125 176.31499165 -40.97185753 -103.28302315
124.54528657 235.51286812 181.16720992 176.31499165 -40.97185753 -103.28302315
124.59882318 235.54403327 181.11861391 176.31499165 -40.97185753 -103.28302315
124.67925942 235.60457099 181.04471747 176.31499165 -40.97185753 -103.28302315
124.82082717 235.72483451 180.91377632 176.31499165 -40.97185753 -103.28302315
124.86779859 235.76809740 180.87011435 176.31499165 -40.97185753 -103.28302315
124.86918502 235.76936130 180.86882644 176.31499165 -40.97185753 -103.28302315
125.02351085 235.90856946 180.72556279 176.31499165 -40.97185753 -103.28302315
125.25059482 236.11752093 180.51449150 176.31499165 -40.97185753 -103.28302315
125.33867643 236.20790590 180.43201958 176.31499165 -40.97185753 -103.28302315
125.33936509 236.20860867 180.43137503 176.31499165 -40.97185753 -103.28302315
125.37794027 236.24778223 180.39528304 176.31499165 -40.97185753 -103.28302315
125.43892451 236.31721324 180.33774143 176.31499165 -40.97185753 -103.28302315
125.52892613 236.42173523 180.25268819 176.31499165 -40.97185753 -103.28302315
125.53048901 236.42355063 180.25121122 176.31499165 -40.97185753 -103.28302315
125.53193610 236.42521290 180.24984486 176.31499165 -40.97185753 -103.28302315
125.53308156 236.42651382 180.24876427 176.31499165 -40.97185753 -103.28302315
125.53309027 236.42652364 180.24875606 176.31499165 -40.97185753 -103.28302315
125.68084097 236.59430421 180.10937406 176.31499165 -40.97185753 -103.28302315
125.68508253 236.59934030 180.10535860 176.31499165 -40.97185753 -103.28302315
125.71445019 236.64153450 180.07708468 176.31499165 -40.97185753 -103.28302315
125.89166165 236.93336565 179.90407582 176.31499165 -40.97185753 -103.28302315
125.89196508 236.93386387 179.90377967 176.31499165 -40.97185753 -103.28302315
125.90900953 236.96177168 179.88714980 176.31499165 -40.97185753 -103.28302315
125.92261523 236.98756804 179.87364839 176.31499165 -40.97185753 -103.28302315
125.93129421 237.00264864 179.86512448 176.31499165 -40.97185753 -103.28302315
126.03294537 237.16482991 179.76622003 176.31499165 -40.97185753 -103.28302315
126.08056649 237.25806184 179.71877444 176.31499165 -40.97185753 -103.28302315
126.10400837 237.31600980 179.69464266 176.31499165 -40.97185753 -103.28302315
126.13786312 237.40541248 179.65942352 176.31499165 -40.97185753 -103.28302315
126.21064822 237.60558206 179.58319239 176.31499165 -40.97185753 -103.28302315
126.23376019 237.69447114 179.55735495 176.31499165 -40.97185753 -103.28302315
126.31836639 238.03674064 179.46168496 176.31499165 -40.97185753 -103.28302315
126.32380995 238.07151373 179.45470831 176.31499165 -40.97185753 -103.28302315
126.34690686 238.25049244 179.42308181 176.31499165 -40.97185753 -103.28302315
126.36319190 238.46197419 179.39528984 176.31499165 -40.97185753 -103.28302315
126.37447606 238.65555038 179.37300294 176.31499165 -40.97185753 -103.28302315
126.37572208 238.77642014 179.36413408 176.31499165 -40.97185753 -103.28302315
126.36764682 239.08368406 179.35137223 176.31499165 -40.97185753 -103.28302315
126.36661176 239.10073707 179.35117468 176.31499165 -40.97185753 -103.28302315
126.36553956 239.11325525 179.35130151 176.31499165 -40.97185753 -103.28302315
126.33472462 239.45805742 179.35591065 176.31499165 -40.97185753 -103.28302315
126.29270782 239.81991159 179.36916969 176.31499165 -40.97185753 -103.28302315
126.28393524 239.86707594 179.37376621 176.31499165 -40.97185753 -103.28302315
126.23002860 240.04988165 179.40890358 176.31499165 -40.97185753 -103.28302315
126.18457362 240.17613725 179.44032818 176.31499165 -40.97185753 -103.28302315
126.18146792 240.18521723 179.44244604 176.31499165 -40.97185753 -103.28302315
126.14702763 240.29140962 179.46557756 176.31499165 -40.97185753 -103.28302315
126.14645627 240.29319058 179.46596007 176.31499165 -40.97185753 -103.28302315
126.11015283 240.40752588 179.49018850 176.31499165 -40.97185753 -103.28302315
126.10800559 240.41458290 179.49160258 176.31499165 -40.97185753 -103.28302315
126.07282659 240.53541730 179.51443392 176.31499165 -40.97185753 -103.28302315
126.06892050 240.55018288 179.51688213 176.31499165 -40.97185753 -103.28302315
126.03302910 240.70069363 179.53842214 176.31499165 -40.97185753 -103.28302315
126.03183492 240.70589695 179.53912623 176.31499165 -40.97185753 -103.28302315
126.00921877 240.80842679 179.55220397 176.31499165 -40.97185753 -103.28302315
126.00696739 240.81958518 179.55344453 176.31499165 -40.97185753 -103.28302315
125.94361716 241.16542110 179.58630008 176.31499165 -40.97185753 -103.28302315
125.94326075 241.16734528 179.58648631 176.31499165 -40.97185753 -103.28302315
125.90385508 241.31982918 179.61095745 176.31499165 -40.97185753 -103.28302315
125.87290866 241.42828518 179.63090272 176.31499165 -40.97185753 -103.28302315
125.83405802 241.56340448 179.65600920 176.31499165 -40.97185753 -103.28302315
125.83309603 241.56640427 179.65665315 176.31499165 -40.97185753 -103.28302315
125.83144368 241.57148103 179.65776410 176.31499165 -40.97185753 -103.28302315
125.68496476 241.98709063 179.75846650 176.31499165 -40.97185753 -103.28302315
125.65223877 242.06330757 179.78203674 176.31499165 -40.97185753 -103.28302315
125.64957422 242.06972539 179.78394216 176.31499165 -40.97185753 -103.28302315
125.56456712 242.28160220 179.84427159 176.31499165 -40.97185753 -103.28302315
125.56302683 242.28552336 179.84535945 176.31499165 -40.97185753 -103.28302315
125.55307468 242.31140025 179.85235347 176.31499165 -40.97185753 -103.28302315
125.53806415 242.34623744 179.86317232 176.31499165 -40.97185753 -103.28302315
125.38532226 242.67688407 179.97479689 176.31499165 -40.97185753 -103.28302315
125.34974794 242.74654721 180.00126790 176.31499165 -40.97185753 -103.28302315
125.26644047 242.89625814 180.06412203 176.31499165 -40.97185753 -103.28302315
125.06179020 243.19921407 180.22270192 176.31499165 -40.97185753 -103.28302315
125.06081407 243.20067011 180.22345759 176.31499165 -40.97185753 -103.28302315
125.01719316 243.26623228 180.25719507 176.31499165 -40.97185753 -103.28302315
125.00479636 243.28321059 180.26688958 176.31499165 -40.97185753 -103.28302315
124.91893373 243.38668522 180.33494509 176.31499165 -40.97185753 -103.28302315
124.91363541 243.39331370 180.33912891 176.31499165 -40.97185753 -103.28302315
124.85798327 243.46558982 180.38290384 176.31499165 -40.97185753 -103.28302315
124.84162866 243.48375625 180.39596602 176.31499165 -40.97185753 -103.28302315
124.60878854 243.72009667 180.58336772 176.31499165 -40.97185753 -103.28302315
124.58149688 243.74654204 180.60541438 176.31499165 -40.97185753 -103.28302315
124.44343171 243.86217972 180.71811443 176.31499165 -40.97185753 -103.28302315
124.44218123 243.86323616 180.71913459 176.31499165 -40.97185753 -103.28302315
124.23531565 244.03944127 180.88780560 176.31499165 -40.97185753 -103.28302315
124.21666195 244.05334017 180.90314334 176.31499165 -40.97185753 -103.28302315
124.19341112 244.06825213 180.92241638 176.31499165 -40.97185753 -103.28302315
124.00846813 244.16754139 181.07696355 176.31499165 -40.97185753 -103.28302315
123.92304176 244.20915718 181.14862338 176.31499165 -40.97185753 -103.28302315
123.84163489 244.24316681 181.21727523 176.31499165 -40.97185753 -103.28302315
123.77134676 244.25758419 181.27751310 176.31499165 -40.97185753 -103.28302315
123.62422170 244.27055472 181.40470949 176.31499165 -40.97185753 -103.28302315
123.61078303 244.27239255 181.41628578 176.31499165 -40.97185753 -103.28302315
123.52473714 244.28836111 181.49013653 176.31499165 -40.97185753 -103.28302315
123.46710672 244.29626245 181.53977903 176.31499165 -40.97185753 -103.28302315
123.45750104 244.29791525 181.54803167 176.31499165 -40.97185753 -103.28302315
123.38876526 244.31215292 181.60693023 176.31499165 -40.97185753 -103.28302315
123.30036530 244.32780584 181.68284987 176.31499165 -40.97185753 -103.28302315
123.23525059 244.33878212 181.73880734 176.31499165 -40.97185753 -103.28302315
123.21765532 244.34288753 181.75385476 176.31499165 -40.97185753 -103.28302315
119.67774359 243.05627629 184.91723420 176.31499165 -40.97185753 -103.28302315
119.66888989 243.03695834 184.92618306 176.31499165 -40.97185753 -103.28302315
119.63449046 242.98296071 184.95959594 176.31499165 -40.97185753 -103.28302315
119.49407027 242.82168260 185.09217997 176.31499165 -40.97185753 -103.28302315
119.49025811 242.81707556 185.09579413 176.31499165 -40.97185753 -103.28302315
119.46080906 242.78842664 185.12326651 176.31499165 -40.97185753 -103.28302315
119.33766233 242.69337367 185.23655357 176.31499165 -40.97185753 -103.28302315
119.33525207 242.69154701 185.23876868 176.31499165 -40.97185753 -103.28302315
119.23615472 242.61784293 185.32975244 176.31499165 -40.97185753 -103.28302315
119.21602201 242.60101246 185.34835636 176.31499165 -40.97185753 -103.28302315
119.15685174 242.54672613 185.40334402 176.31499165 -40.97185753 -103.28302315
119.07995801 242.45880206 185.47592148 176.31499165 -40.97185753 -103.28302315
119.07713377 242.45564211 185.47858272 176.31499165 -40.97185753 -103.28302315
119.06250722 242.43962978 185.49234236 176.31499165 -40.97185753 -103.28302315
118.97466175 242.32460278 185.57619583 176.31499165 -40.97185753 -103.28302315
118.92712463 242.25681218 185.62192978 176.31499165 -40.97185753 -103.28302315
118.91770519 242.24437964 185.63092752 176.31499165 -40.97185753 -103.28302315
118.76530753 242.05821663 185.77553732 176.31499165 -40.97185753 -103.28302315
118.74945983 242.03773796 185.79064728 176.31499165 -40.97185753 -103.28302315
118.74945983 242.03773796 185.79064728 176.31499165 -40.97185753 -103.28302315
118.73071011 242.00397685 185.80913811 176.31499165 -40.97185753 -103.28302315
118.64510807 241.84315120 185.89398892 176.31499165 -40.97185753 -103.28302315
118.55076307 241.64227860 185.98902727 176.31499165 -40.97185753 -103.28302315
118.48942609 241.49312198 186.05201052 176.31499165 -40.97185753 -103.28302315
118.41003990 241.24990190 186.13675872 176.31499165 -40.97185753 -103.28302315
118.36669597 241.10635003 186.18372301 176.31499165 -40.97185753 -103.28302315
118.31139966 240.91136214 186.24440125 176.31499165 -40.97185753 -103.28302315
118.26557005 240.72692211 186.29616203 176.31499165 -40.97185753 -103.28302315
