118.44439341 240.65967409 186.14487672 176.31499165 -40.97185753 -103.28302315
118.40992346 240.38312480 186.19268427 176.31499165 -40.97185753 -103.28302315
118.40641202 240.35450051 186.19758354 176.31499165 -40.97185753 -103.28302315
118.39054188 240.13164910 186.22574671 176.31499165 -40.97185753 -103.28302315
118.38723335 240.03714216 186.23471254 176.31499165 -40.97185753 -103.28302315
118.38720084 239.94247935 186.24083753 176.31499165 -40.97185753 -103.28302315
118.38720105 239.94243674 186.24084008 176.31499165 -40.97185753 -103.28302315
118.38720026 239.94102047 186.24093199 176.31499165 -40.97185753 -103.28302315
118.38770017 239.80513179 186.24924878 176.31499165 -40.97185753 -103.28302315
118.39045072 239.71921237 186.25238877 176.31499165 -40.97185753 -103.28302315
118.40466720 239.54210101 186.25142399 176.31499165 -40.97185753 -103.28302315
118.42137182 239.37651481 186.24755170 176.31499165 -40.97185753 -103.28302315
118.45213612 239.14876159 186.23544817 176.31499165 -40.97185753 -103.28302315
118.47481356 239.01182849 186.22453280 176.31499165 -40.97185753 -103.28302315
118.54633908 238.67597456 186.18392003 176.31499165 -40.97185753 -103.28302315
118.54984193 238.65829488 186.18201042 176.31499165 -40.97185753 -103.28302315
118.55153615 238.64905883 186.18113091 176.31499165 -40.97185753 -103.28302315
118.64173528 238.20583271 186.13118316 176.31499165 -40.97185753 -103.28302315
118.64597712 238.18282917 186.12897334 176.31499165 -40.97185753 -103.28302315
118.65082230 238.15355183 186.12664253 176.31499165 -40.97185753 -103.28302315
118.65351670 238.13571314 186.12544669 176.31499165 -40.97185753 -103.28302315
118.66443436 238.05584139 186.12108997 176.31499165 -40.97185753 -103.28302315
118.69157346 237.89827992 186.10762052 176.31499165 -40.97185753 -103.28302315
118.69822280 237.84773530 186.10508939 176.31499165 -40.97185753 -103.28302315
118.71230233 237.69373685 186.10275523 176.31499165 -40.97185753 -103.28302315
118.71860295 237.63027515 186.10135948 176.31499165 -40.97185753 -103.28302315
118.72087044 237.60038197 186.10131151 176.31499165 -40.97185753 -103.28302315
118.72539323 237.51425423 186.10292267 176.31499165 -40.97185753 -103.28302315
118.74626963 237.13720819 186.10903893 176.31499165 -40.97185753 -103.28302315
118.74691917 237.12239104 186.10942798 176.31499165 -40.97185753 -103.28302315
118.75040135 237.01459383 186.11334031 176.31499165 -40.97185753 -103.28302315
118.77701702 236.57509812 186.11848415 176.31499165 -40.97185753 -103.28302315
118.77817355 236.55769376 186.11859863 176.31499165 -40.97185753 -103.28302315
118.82371057 236.20652440 186.10158806 176.31499165 -40.97185753 -103.28302315
118.82862838 236.17795064 186.09914874 176.31499165 -40.97185753 -103.28302315
118.85149933 236.06728835 186.08637303 176.31499165 -40.97185753 -103.28302315
118.85573655 236.04473754 186.08413807 176.31499165 -40.97185753 -103.28302315
118.87226298 235.94712683 186.07604292 176.31499165 -40.97185753 -103.28302315
118.88391102 235.89127926 186.06950334 176.31499165 -40.97185753 -103.28302315
118.94237044 235.67768505 186.03238696 176.31499165 -40.97185753 -103.28302315
118.94852629 235.66004625 186.02816600 176.31499165 -40.97185753 -103.28302315
119.05569523 235.38176385 185.95282762 176.31499165 -40.97185753 -103.28302315
119.08792184 235.31706081 185.92895041 176.31499165 -40.97185753 -103.28302315
119.14585738 235.22425594 185.88451055 176.31499165 -40.97185753 -103.28302315
119.21917894 235.12921840 185.82682521 176.31499165 -40.97185753 -103.28302315
119.22963034 235.11514439 185.81863657 176.31499165 -40.97185753 -103.28302315
119.27832412 235.04702035 185.78064956 176.31499165 -40.97185753 -103.28302315
119.29869064 235.01852688 185.76476123 176.31499165 -40.97185753 -103.28302315
119.30459749 235.01007707 185.76016516 176.31499165 -40.97185753 -103.28302315
119.31173300 234.99963797 185.75462799 176.31499165 -40.97185753 -103.28302315
119.44247013 234.82295569 185.65223650 176.31499165 -40.97185753 -103.28302315
119.47666950 234.77728981 185.62541647 176.31499165 -40.97185753 -103.28302315
119.60037719 234.63970076 185.52662442 176.31499165 -40.97185753 -103.28302315
119.66627529 234.58310546 185.47292329 176.31499165 -40.97185753 -103.28302315
119.69388803 234.56286378 185.45019768 176.31499165 -40.97185753 -103.28302315
119.81926677 234.47440388 185.34678729 176.31499165 -40.97185753 -103.28302315
119.85423828 234.45322816 185.31771806 176.31499165 -40.97185753 -103.28302315
119.94391217 234.40287115 185.24292489 176.31499165 -40.97185753 -103.28302315
119.98875760 234.38681021 185.20493372 176.31499165 -40.97185753 -103.28302315
120.02570469 234.37085201 185.17380925 176.31499165 -40.97185753 -103.28302315
120.09355901 234.33638531 185.11698061 176.31499165 -40.97185753 -103.28302315
120.36425405 234.25112638 184.88690634 176.31499165 -40.97185753 -103.28302315
120.38656329 234.24313847 184.86800675 176.31499165 -40.97185753 -103.28302315
120.42192231 234.22893300 184.83815139 176.31499165 -40.97185753 -103.28302315
120.44069481 234.22407555 184.82212794 176.31499165 -40.97185753 -103.28302315
120.52717840 234.20990986 184.74778018 176.31499165 -40.97185753 -103.28302315
120.53391984 234.20872306 184.74199006 176.31499165 -40.97185753 -103.28302315
120.64787997 234.18725531 184.64420183 176.31499165 -40.97185753 -103.28302315
120.65092795 234.18666381 184.64158750 176.31499165 -40.97185753 -103.28302315
120.71870420 234.17314005 184.58347798 176.31499165 -40.97185753 -103.28302315
120.79313127 234.16504010 184.51923143 176.31499165 -40.97185753 -103.28302315
120.92578907 234.15288895 184.40457201 176.31499165 -40.97185753 -103.28302315
120.97698046 234.15118716 184.36013365 176.31499165 -40.97185753 -103.28302315
121.15996614 234.15896969 184.20039388 176.31499165 -40.97185753 -103.28302315
121.25238417 234.16704979 184.11944911 176.31499165 -40.97185753 -103.28302315
121.52409194 234.19585554 183.88114728 176.31499165 -40.97185753 -103.28302315
121.54285427 234.19720002 183.86473326 176.31499165 -40.97185753 -103.28302315
121.59387514 234.19911176 183.82021055 176.31499165 -40.97185753 -103.28302315
121.62314196 234.19866069 183.79477091 176.31499165 -40.97185753 -103.28302315
121.71713909 234.19225203 183.71338510 176.31499165 -40.97185753 -103.28302315
121.78083949 234.18053203 183.65870630 176.31499165 -40.97185753 -103.28302315
121.84857154 234.16009227 183.60108066 176.31499165 -40.97185753 -103.28302315
121.92422407 234.12583162 183.53745255 176.31499165 -40.97185753 -103.28302315
122.04798358 234.17516415 183.42657682 176.31499165 -40.97185753 -103.28302315
122.07895060 234.18750840 183.39883356 176.31499165 -40.97185753 -103.28302315
122.09988466 234.19585295 183.38007881 176.31499165 -40.97185753 -103.28302315
122.28708527 234.27047327 183.21236648 176.31499165 -40.97185753 -103.28302315
122.38472507 234.30939436 183.12489130 176.31499165 -40.97185753 -103.28302315
122.41979757 234.32337425 183.09347000 176.31499165 -40.97185753 -103.28302315
122.67866511 234.42656237 182.86155149 176.31499165 -40.97185753 -103.28302315
123.01926860 234.56233162 182.55640604 176.31499165 -40.97185753 -103.28302315
123.12807176 234.60570190 182.45892969 176.31499165 -40.97185753 -103.28302315
123.13098212 234.60686218 182.45632230 176.31499165 -40.97185753 -103.28302315
123.13098935 234.60686501 182.45631582 176.31499165 -40.97185753 -103.28302315
123.19483001 234.63231286 182.39912119 176.31499165 -40.97185753 -103.28302315
123.21287265 234.63950492 182.38295686 176.31499165 -40.97185753 -103.28302315
123.29298363 234.67143845 182.31118570 176.31499165 -40.97185753 -103.28302315
123.33006477 234.73404288 182.27488481 176.31499165 -40.97185753 -103.28302315
123.41845493 234.85906874 182.18991336 176.31499165 -40.97185753 -103.28302315
123.47552445 234.92388721 182.13607550 176.31499165 -40.97185753 -103.28302315
123.67095719 235.10083156 181.95460926 176.31499165 -40.97185753 -103.28302315
123.71012641 235.13780286 181.91814215 176.31499165 -40.97185753 -103.28302315
123.72857204 235.15405882 181.90104337 176.31499165 -40.97185753 -103.28302315
123.90980027 235.30291723 181.73374709 176.31499165 -40.97185753 -103.28302315
124.11264654 235.47823971 181.54593387 176.31499165 -40.97185753 -103.28302315
124.12471075 235.48820556 181.53479346 176.31499165 -40.97185753 -103.28302315
124.18771283 235.53790104 181.47676693 176.31499165 -40.97185753 -103.28302315
124.27370701 235.61291332 181.39710162 176.31499165 -40.97185753 -103.28302315
124.30287262 235.63572976 181.37025152 176.31499165 -40.97185753 -103.28302315
124.34591701 235.66575465 181.33085953 176.31499165 -40.97185753 -103.28302315
124.37008764 235.68107358 181.30883907 176.31499165 -40.97185753 -103.28302315
124.46602568 235.73599531 181.22181429 176.31499165 -40.97185753 -103.28302315
124.51086389 235.76209653 181.18111397 176.31499165 -40.97185753 -103.28302315
124.57948493 235.81374209 181.11807210 176.31499165 -40.97185753 -103.28302315
124.71442659 235.92837668 180.99325966 176.31499165 -40.97185753 -103.28302315
124.75874774 235.96919843 180.95206123 176.31499165 -40.97185753 -103.28302315
124.76152063 235.97172599 180.94948541 176.31499165 -40.97185753 -103.28302315
124.91518371 236.11033653 180.80683699 176.31499165 -40.97185753 -103.28302315
125.13792263 236.31528958 180.59980437 176.31499165 -40.97185753 -103.28302315
125.22245816 236.40203579 180.52065269 176.31499165 -40.97185753 -103.28302315
125.22383525 236.40344153 180.51936378 176.31499165 -40.97185753 -103.28302315
125.25858501 236.43873024 180.48685096 176.31499165 -40.97185753 -103.28302315
125.31527400 236.50327130 180.43336212 176.31499165 -40.97185753 -103.28302315
125.40463417 236.60704833 180.34891506 176.31499165 -40.97185753 -103.28302315
125.40619156 236.60885743 180.34744327 176.31499165 -40.97185753 -103.28302315
125.40908584 236.61218151 180.34471051 176.31499165 -40.97185753 -103.28302315
125.41023130 236.61348243 180.34362992 176.31499165 -40.97185753 -103.28302315
125.41024853 236.61350201 180.34361366 176.31499165 -40.97185753 -103.28302315
125.55384167 236.77656164 180.20815372 176.31499165 -40.97185753 -103.28302315
125.57315862 236.80431535 180.18955619 176.31499165 -40.97185753 -103.28302315
125.74673217 237.09015545 180.02009897 176.31499165 -40.97185753 -103.28302315
125.74733904 237.09115190 180.01950669 176.31499165 -40.97185753 -103.28302315
125.76056784 237.11281239 180.00659964 176.31499165 -40.97185753 -103.28302315
125.77069684 237.13201680 179.99654830 176.31499165 -40.97185753 -103.28302315
125.78805507 237.16217855 179.97950020 176.31499165 -40.97185753 -103.28302315
125.88430568 237.31574337 179.88585037 176.31499165 -40.97185753 -103.28302315
125.92219298 237.38991810 179.84810275 176.31499165 -40.97185753 -103.28302315
125.94031269 237.43470992 179.82944976 176.31499165 -40.97185753 -103.28302315
125.97248915 237.51968070 179.79597654 176.31499165 -40.97185753 -103.28302315
126.04022191 237.70595531 179.72503697 176.31499165 -40.97185753 -103.28302315
126.05954964 237.78029060 179.70343000 176.31499165 -40.97185753 -103.28302315
126.14065509 238.10839761 179.61171857 176.31499165 -40.97185753 -103.28302315
126.14344201 238.12620079 179.60814673 176.31499165 -40.97185753 -103.28302315
126.16498681 238.29315198 179.57864554 176.31499165 -40.97185753 -103.28302315
126.18042882 238.49368739 179.55229218 176.31499165 -40.97185753 -103.28302315
126.19109920 238.67673168 179.53121771 176.31499165 -40.97185753 -103.28302315
126.19220618 238.78409733 179.52333958 176.31499165 -40.97185753 -103.28302315
126.18443032 239.07995699 179.51105167 176.31499165 -40.97185753 -103.28302315
126.18397286 239.08749352 179.51096437 176.31499165 -40.97185753 -103.28302315
126.18329284 239.09543318 179.51104480 176.31499165 -40.97185753 -103.28302315
126.15291109 239.43539168 179.51558891 176.31499165 -40.97185753 -103.28302315
126.11264981 239.78212306 179.52829423 176.31499165 -40.97185753 -103.28302315
126.10883813 239.80261766 179.53029131 176.31499165 -40.97185753 -103.28302315
126.06198828 239.96149114 179.56082903 176.31499165 -40.97185753 -103.28302315
126.01953137 240.07942034 179.59018090 176.31499165 -40.97185753 -103.28302315
126.01331997 240.09758029 179.59441662 176.31499165 -40.97185753 -103.28302315
125.97887967 240.20377268 179.61754814 176.31499165 -40.97185753 -103.28302315
125.97773661 240.20733451 179.61831347 176.31499165 -40.97185753 -103.28302315
125.94143317 240.32166984 179.64254190 176.31499165 -40.97185753 -103.28302315
125.93713903 240.33578396 179.64536975 176.31499165 -40.97185753 -103.28302315
125.90196003 240.45661836 179.66820109 176.31499165 -40.97185753 -103.28302315
125.89414785 240.48614947 179.67309751 176.31499165 -40.97185753 -103.28302315
125.85825645 240.63666027 179.69463752 176.31499165 -40.97185753 -103.28302315
125.85586808 240.64706685 179.69604570 176.31499165 -40.97185753 -103.28302315
125.83325194 240.74959670 179.70912344 176.31499165 -40.97185753 -103.28302315
125.82874883 240.77191338 179.71160487 176.31499165 -40.97185753 -103.28302315
125.76709950 241.10846507 179.74357819 176.31499165 -40.97185753 -103.28302315
125.73147006 241.24633569 179.76570432 176.31499165 -40.97185753 -103.28302315
125.70167138 241.35076849 179.78490992 176.31499165 -40.97185753 -103.28302315
125.66435980 241.48053630 179.80902174 176.31499165 -40.97185753 -103.28302315
125.52252197 241.88297777 179.90653343 176.31499165 -40.97185753 -103.28302315
125.49362910 241.95026798 179.92734292 176.31499165 -40.97185753 -103.28302315
125.48829999 241.96310362 179.93115377 176.31499165 -40.97185753 -103.28302315
125.40329291 242.17498032 179.99148319 176.31499165 -40.97185753 -103.28302315
125.40021163 242.18282246 179.99365952 176.31499165 -40.97185753 -103.28302315
125.39233642 242.20329903 179.99919394 176.31499165 -40.97185753 -103.28302315
125.38105938 242.22947256 180.00732180 176.31499165 -40.97185753 -103.28302315
125.23216534 242.55178846 180.11613442 176.31499165 -40.97185753 -103.28302315
125.20127296 242.61228360 180.13912155 176.31499165 -40.97185753 -103.28302315
125.12577820 242.74795413 180.19608114 176.31499165 -40.97185753 -103.28302315
124.92729141 243.04178578 180.34988506 176.31499165 -40.97185753 -103.28302315
124.92533915 243.04469785 180.35139641 176.31499165 -40.97185753 -103.28302315
124.88470703 243.10576781 180.38282228 176.31499165 -40.97185753 -103.28302315
124.87979093 243.11250082 180.38666676 176.31499165 -40.97185753 -103.28302315
124.79854304 243.21041420 180.45106457 176.31499165 -40.97185753 -103.28302315
124.78794675 243.22367125 180.45943190 176.31499165 -40.97185753 -103.28302315
124.73771414 243.28890893 180.49894394 176.31499165 -40.97185753 -103.28302315
124.73046034 243.29696622 180.50473744 176.31499165 -40.97185753 -103.28302315
124.50274627 243.52810376 180.68801342 176.31499165 -40.97185753 -103.28302315
124.48252656 243.54769619 180.70434726 176.31499165 -40.97185753 -103.28302315
124.35002869 243.65867111 180.81250282 176.31499165 -40.97185753 -103.28302315
124.34752779 243.66078353 180.81454311 176.31499165 -40.97185753 -103.28302315
124.14548421 243.83288153 180.97928241 176.31499165 -40.97185753 -103.28302315
124.13700388 243.83920055 180.98625523 176.31499165 -40.97185753 -103.28302315
124.12480028 243.84702690 180.99637105 176.31499165 -40.97185753 -103.28302315
123.94861531 243.94161430 181.14359959 176.31499165 -40.97185753 -103.28302315
123.87031995 243.97975662 181.20927756 176.31499165 -40.97185753 -103.28302315
123.80689959 244.00625153 181.26276109 176.31499165 -40.97185753 -103.28302315
123.75878080 244.01612195 181.30399952 176.31499165 -40.97185753 -103.28302315
123.61973333 244.02838002 181.42421248 176.31499165 -40.97185753 -103.28302315
123.59285582 244.03205562 181.44736521 176.31499165 -40.97185753 -103.28302315
123.51013681 244.04740684 181.51836060 176.31499165 -40.97185753 -103.28302315
123.45584300 244.05485125 181.56512892 176.31499165 -40.97185753 -103.28302315
123.43663171 244.05815636 181.58163418 176.31499165 -40.97185753 -103.28302315
123.36994747 244.07196920 181.63877480 176.31499165 -40.97185753 -103.28302315
123.28418658 244.08715465 181.71242797 176.31499165 -40.97185753 -103.28302315
123.23624179 244.09523665 181.75363017 176.31499165 -40.97185753 -103.28302315
119.79350249 242.84394312 184.83017321 176.31499165 -40.97185753 -103.28302315
119.75806469 242.79681931 184.86404700 176.31499165 -40.97185753 -103.28302315
119.61928883 242.63742929 184.99507849 176.31499165 -40.97185753 -103.28302315
119.61708412 242.63476445 184.99716871 176.31499165 -40.97185753 -103.28302315
119.55818585 242.57746658 185.05211363 176.31499165 -40.97185753 -103.28302315
119.43503909 242.48241384 185.16540071 176.31499165 -40.97185753 -103.28302315
119.43021884 242.47876107 185.16983066 176.31499165 -40.97185753 -103.28302315
119.33500854 242.40794825 185.25724560 176.31499165 -40.97185753 -103.28302315
119.32177231 242.39688296 185.26947674 176.31499165 -40.97185753 -103.28302315
119.27319482 242.35231505 185.31462040 176.31499165 -40.97185753 -103.28302315
119.20324635 242.27233243 185.38064247 176.31499165 -40.97185753 -103.28302315
119.19759807 242.26601259 185.38596477 176.31499165 -40.97185753 -103.28302315
119.18887889 242.25646741 185.39416715 176.31499165 -40.97185753 -103.28302315
119.10908900 242.15198852 185.47033112 176.31499165 -40.97185753 -103.28302315
119.06404748 242.08775697 185.51366412 176.31499165 -40.97185753 -103.28302315
119.04520857 242.06289210 185.53165960 176.31499165 -40.97185753 -103.28302315
118.89458608 241.87889738 185.67458497 176.31499165 -40.97185753 -103.28302315
118.89056033 241.87369511 185.67842332 176.31499165 -40.97185753 -103.28302315
118.88120155 241.85684374 185.68765285 176.31499165 -40.97185753 -103.28302315
118.79946485 241.70327994 185.76867227 176.31499165 -40.97185753 -103.28302315
118.71039018 241.51362919 185.85840152 176.31499165 -40.97185753 -103.28302315
118.65522357 241.37947662 185.91504883 176.31499165 -40.97185753 -103.28302315
118.57993358 241.14880620 185.99542417 176.31499165 -40.97185753 -103.28302315
118.53817395 241.01050140 186.04067183 176.31499165 -40.97185753 -103.28302315
118.48480644 240.82231491 186.09923355 176.31499165 -40.97185753 -103.28302315
118.44439341 240.65967409 186.14487672 176.31499165 -40.97185753 -103.28302315
