118.62321672 240.59242631 185.99359143 176.31499165 -40.97185753 -103.28302315
118.59102591 240.33416347 186.03823789 176.31499165 -40.97185753 -103.28302315
118.58851680 240.31370836 186.04173878 176.31499165 -40.97185753 -103.28302315
118.57361866 240.10450993 186.06817679 176.31499165 -40.97185753 -103.28302315
118.57070388 240.02125089 186.07607555 176.31499165 -40.97185753 -103.28302315
118.57067362 239.93212996 186.08184166 176.31499165 -40.97185753 -103.28302315
118.57067362 239.93206579 186.08184579 176.31499165 -40.97185753 -103.28302315
118.57067349 239.93130437 186.08189495 176.31499165 -40.97185753 -103.28302315
118.57115384 239.80061903 186.08989363 176.31499165 -40.97185753 -103.28302315
118.57351079 239.72699684 186.09258415 176.31499165 -40.97185753 -103.28302315
118.58684319 239.56090087 186.09167928 176.31499165 -40.97185753 -103.28302315
118.60267191 239.40399528 186.08801015 176.31499165 -40.97185753 -103.28302315
118.63206937 239.18636086 186.07644438 176.31499165 -40.97185753 -103.28302315
118.65277699 239.06132403 186.06647703 176.31499165 -40.97185753 -103.28302315
118.72279192 238.73256189 186.02672207 176.31499165 -40.97185753 -103.28302315
118.72804637 238.70604242 186.02385750 176.31499165 -40.97185753 -103.28302315
118.72918593 238.69983080 186.02326588 176.31499165 -40.97185753 -103.28302315
118.81877254 238.25961257 185.97365743 176.31499165 -40.97185753 -103.28302315
118.82513564 238.22510735 185.97034240 176.31499165 -40.97185753 -103.28302315
118.82998082 238.19583000 185.96801159 176.31499165 -40.97185753 -103.28302315
118.83402260 238.16907202 185.96621767 176.31499165 -40.97185753 -103.28302315
118.84418677 238.09471383 185.96216156 176.31499165 -40.97185753 -103.28302315
118.87038294 237.94262495 185.94916021 176.31499165 -40.97185753 -103.28302315
118.88035712 237.86680808 185.94536337 176.31499165 -40.97185753 -103.28302315
118.89432228 237.71405900 185.94304827 176.31499165 -40.97185753 -103.28302315
118.90049883 237.65184564 185.94168009 176.31499165 -40.97185753 -103.28302315
118.90390022 237.60700597 185.94160799 176.31499165 -40.97185753 -103.28302315
118.90839911 237.52133647 185.94321044 176.31499165 -40.97185753 -103.28302315
118.92925016 237.14474859 185.94931925 176.31499165 -40.97185753 -103.28302315
118.93022428 237.12252284 185.94990299 176.31499165 -40.97185753 -103.28302315
118.93355981 237.01926421 185.95365064 176.31499165 -40.97185753 -103.28302315
118.95984350 236.58524932 185.95873039 176.31499165 -40.97185753 -103.28302315
118.96026801 236.57886005 185.95877247 176.31499165 -40.97185753 -103.28302315
119.00365299 236.24428724 185.94256576 176.31499165 -40.97185753 -103.28302315
119.00654435 236.22748872 185.94113153 176.31499165 -40.97185753 -103.28302315
119.02834354 236.12201063 185.92895460 176.31499165 -40.97185753 -103.28302315
119.03469972 236.08818452 185.92560185 176.31499165 -40.97185753 -103.28302315
119.05021809 235.99652447 185.91800070 176.31499165 -40.97185753 -103.28302315
119.05866419 235.95602965 185.91325874 176.31499165 -40.97185753 -103.28302315
119.11181469 235.76183186 185.87951308 176.31499165 -40.97185753 -103.28302315
119.11298496 235.75847865 185.87871065 176.31499165 -40.97185753 -103.28302315
119.21356584 235.49730285 185.80800362 176.31499165 -40.97185753 -103.28302315
119.23407018 235.45613588 185.79281158 176.31499165 -40.97185753 -103.28302315
119.27876248 235.38454466 185.75853006 176.31499165 -40.97185753 -103.28302315
119.34473113 235.29903808 185.70662955 176.31499165 -40.97185753 -103.28302315
119.36040842 235.27792711 185.69434644 176.31499165 -40.97185753 -103.28302315
119.40910136 235.20980360 185.65636012 176.31499165 -40.97185753 -103.28302315
119.42946780 235.18131059 185.64047183 176.31499165 -40.97185753 -103.28302315
119.43832756 235.16863562 185.63357817 176.31499165 -40.97185753 -103.28302315
119.44287139 235.16198838 185.63005214 176.31499165 -40.97185753 -103.28302315
119.57049445 234.98951466 185.53009955 176.31499165 -40.97185753 -103.28302315
119.59802297 234.95275605 185.50851099 176.31499165 -40.97185753 -103.28302315
119.70571827 234.83297643 185.42250628 176.31499165 -40.97185753 -103.28302315
119.75585930 234.78991375 185.38164578 176.31499165 -40.97185753 -103.28302315
119.77619798 234.77500446 185.36490680 176.31499165 -40.97185753 -103.28302315
119.89503931 234.69115679 185.26688838 176.31499165 -40.97185753 -103.28302315
119.92226418 234.67467193 185.24425834 176.31499165 -40.97185753 -103.28302315
119.99741548 234.63247023 185.18157785 176.31499165 -40.97185753 -103.28302315
120.02966824 234.62091928 185.15425465 176.31499165 -40.97185753 -103.28302315
120.08508874 234.59698170 185.10756809 176.31499165 -40.97185753 -103.28302315
120.14112146 234.56851992 185.06064014 176.31499165 -40.97185753 -103.28302315
120.39955558 234.48712234 184.84098694 176.31499165 -40.97185753 -103.28302315
120.43301953 234.47514098 184.81263746 176.31499165 -40.97185753 -103.28302315
120.45917338 234.46463344 184.79055447 176.31499165 -40.97185753 -103.28302315
120.46211429 234.46387272 184.78804422 176.31499165 -40.97185753 -103.28302315
120.54211776 234.45076862 184.71926724 176.31499165 -40.97185753 -103.28302315
120.55222991 234.44898793 184.71058209 176.31499165 -40.97185753 -103.28302315
120.66619005 234.42752019 184.61279386 176.31499165 -40.97185753 -103.28302315
120.67076188 234.42663362 184.60887244 176.31499165 -40.97185753 -103.28302315
120.73231389 234.41435145 184.55609943 176.31499165 -40.97185753 -103.28302315
120.79929101 234.40706218 184.49828380 176.31499165 -40.97185753 -103.28302315
120.92670582 234.39539143 184.38815602 176.31499165 -40.97185753 -103.28302315
120.96860004 234.39399869 184.35178837 176.31499165 -40.97185753 -103.28302315
121.14327010 234.40142794 184.19930782 176.31499165 -40.97185753 -103.28302315
121.23135000 234.40912800 184.12216266 176.31499165 -40.97185753 -103.28302315
121.50179359 234.43780004 183.88496956 176.31499165 -40.97185753 -103.28302315
121.52993711 234.43981679 183.86034850 176.31499165 -40.97185753 -103.28302315
121.58095800 234.44172853 183.81582578 176.31499165 -40.97185753 -103.28302315
121.62485830 234.44105170 183.77766627 176.31499165 -40.97185753 -103.28302315
121.71885544 234.43464304 183.69628045 176.31499165 -40.97185753 -103.28302315
121.81440600 234.41706327 183.61426228 176.31499165 -40.97185753 -103.28302315
121.88213804 234.39662351 183.55663664 176.31499165 -40.97185753 -103.28302315
121.92346487 234.38195954 183.52161747 176.31499165 -40.97185753 -103.28302315
121.98832903 234.40781532 183.46350590 176.31499165 -40.97185753 -103.28302315
122.01929568 234.42015947 183.43576296 176.31499165 -40.97185753 -103.28302315
122.04023125 234.42850440 183.41700688 176.31499165 -40.97185753 -103.28302315
122.22743102 234.50312500 183.24929525 176.31499165 -40.97185753 -103.28302315
122.32507064 234.54204555 183.16182026 176.31499165 -40.97185753 -103.28302315
122.32507788 234.54204839 183.16181378 176.31499165 -40.97185753 -103.28302315
122.36014451 234.55602628 183.13039772 176.31499165 -40.97185753 -103.28302315
122.61901102 234.65921414 182.89848013 176.31499165 -40.97185753 -103.28302315
122.95961459 234.79498341 182.59333460 176.31499165 -40.97185753 -103.28302315
123.06841601 234.83835276 182.49585982 176.31499165 -40.97185753 -103.28302315
123.07132442 234.83951204 182.49325419 176.31499165 -40.97185753 -103.28302315
123.07133517 234.83951676 182.49324453 176.31499165 -40.97185753 -103.28302315
123.13517583 234.86496461 182.43604991 176.31499165 -40.97185753 -103.28302315
123.15321943 234.87215642 182.41988475 176.31499165 -40.97185753 -103.28302315
123.17920571 234.88251511 182.39660372 176.31499165 -40.97185753 -103.28302315
123.19361891 234.90377572 182.38269174 176.31499165 -40.97185753 -103.28302315
123.28200907 235.02880159 182.29772029 176.31499165 -40.97185753 -103.28302315
123.36761332 235.12602930 182.21696352 176.31499165 -40.97185753 -103.28302315
123.56165231 235.30171104 182.03679147 176.31499165 -40.97185753 -103.28302315
123.59944687 235.33738504 182.00160418 176.31499165 -40.97185753 -103.28302315
123.62711518 235.36176919 181.97595611 176.31499165 -40.97185753 -103.28302315
123.80664573 235.50923335 181.81022699 176.31499165 -40.97185753 -103.28302315
124.00781975 235.68311041 181.62396209 176.31499165 -40.97185753 -103.28302315
124.02591614 235.69805895 181.60725142 176.31499165 -40.97185753 -103.28302315
124.08554862 235.74509672 181.55232837 176.31499165 -40.97185753 -103.28302315
124.16827030 235.81725420 181.47569473 176.31499165 -40.97185753 -103.28302315
124.21201875 235.85147874 181.43541957 176.31499165 -40.97185753 -103.28302315
124.25506305 235.88150362 181.39602765 176.31499165 -40.97185753 -103.28302315
124.29131919 235.90448242 181.36299676 176.31499165 -40.97185753 -103.28302315
124.38676503 235.95912209 181.27641847 176.31499165 -40.97185753 -103.28302315
124.42290442 235.98015974 181.24361418 176.31499165 -40.97185753 -103.28302315
124.47971030 236.02291291 181.19142686 176.31499165 -40.97185753 -103.28302315
124.60802588 236.13191856 181.07274312 176.31499165 -40.97185753 -103.28302315
124.64969701 236.17029973 181.03400799 176.31499165 -40.97185753 -103.28302315
124.65385638 236.17409096 181.03014424 176.31499165 -40.97185753 -103.28302315
124.80685644 236.31210332 180.88811132 176.31499165 -40.97185753 -103.28302315
125.02525023 236.51305840 180.68511743 176.31499165 -40.97185753 -103.28302315
125.10623967 236.59616589 180.60928599 176.31499165 -40.97185753 -103.28302315
125.10830555 236.59827468 180.60735239 176.31499165 -40.97185753 -103.28302315
125.13922988 236.62967852 180.57841876 176.31499165 -40.97185753 -103.28302315
125.19162370 236.68932915 180.52898263 176.31499165 -40.97185753 -103.28302315
125.28034225 236.79236120 180.44514191 176.31499165 -40.97185753 -103.28302315
125.28189433 236.79416405 180.44367515 176.31499165 -40.97185753 -103.28302315
125.28623553 236.79915036 180.43957619 176.31499165 -40.97185753 -103.28302315
125.28738100 236.80045128 180.43849559 176.31499165 -40.97185753 -103.28302315
125.28740693 236.80048067 180.43847113 176.31499165 -40.97185753 -103.28302315
125.42332954 236.95482972 180.31024727 176.31499165 -40.97185753 -103.28302315
125.43186705 236.96709621 180.30202770 176.31499165 -40.97185753 -103.28302315
125.60180300 237.24694558 180.13612185 176.31499165 -40.97185753 -103.28302315
125.60271295 237.24844016 180.13523373 176.31499165 -40.97185753 -103.28302315
125.61212645 237.26385342 180.12604919 176.31499165 -40.97185753 -103.28302315
125.61877875 237.27646588 180.11944791 176.31499165 -40.97185753 -103.28302315
125.64481597 237.32170822 180.09387589 176.31499165 -40.97185753 -103.28302315
125.73566603 237.46665661 180.00548068 176.31499165 -40.97185753 -103.28302315
125.76381912 237.52177428 179.97743137 176.31499165 -40.97185753 -103.28302315
125.77661670 237.55340972 179.96425715 176.31499165 -40.97185753 -103.28302315
125.80711487 237.63394859 179.93252986 176.31499165 -40.97185753 -103.28302315
125.86979526 237.80632848 179.86688186 176.31499165 -40.97185753 -103.28302315
125.88533877 237.86610974 179.84950535 176.31499165 -40.97185753 -103.28302315
125.96294345 238.18005448 179.76175249 176.31499165 -40.97185753 -103.28302315
125.96307405 238.18088795 179.76158516 176.31499165 -40.97185753 -103.28302315
125.98306674 238.33581162 179.73420928 176.31499165 -40.97185753 -103.28302315
125.99766611 238.52540057 179.70929421 176.31499165 -40.97185753 -103.28302315
126.00772201 238.69791278 179.68943278 176.31499165 -40.97185753 -103.28302315
126.00868989 238.79177455 179.68254540 176.31499165 -40.97185753 -103.28302315
126.00123595 239.07539861 179.67076538 176.31499165 -40.97185753 -103.28302315
126.00121381 239.07622999 179.67073110 176.31499165 -40.97185753 -103.28302315
126.00133431 239.07425007 179.67075375 176.31499165 -40.97185753 -103.28302315
126.00123595 239.07539861 179.67076538 176.31499165 -40.97185753 -103.28302315
126.00104647 239.07761119 179.67078777 176.31499165 -40.97185753 -103.28302315
125.97109721 239.41272591 179.67526749 176.31499165 -40.97185753 -103.28302315
125.93302883 239.74057311 179.68728072 176.31499165 -40.97185753 -103.28302315
125.89394831 239.87310073 179.71275417 176.31499165 -40.97185753 -103.28302315
125.85448876 239.98270334 179.74003393 176.31499165 -40.97185753 -103.28302315
125.84517202 240.00994336 179.74638720 176.31499165 -40.97185753 -103.28302315
125.81073172 240.11613575 179.76951872 176.31499165 -40.97185753 -103.28302315
125.80901730 240.12147853 179.77066656 176.31499165 -40.97185753 -103.28302315
125.77271386 240.23581385 179.79489499 176.31499165 -40.97185753 -103.28302315
125.76627247 240.25698501 179.79913692 176.31499165 -40.97185753 -103.28302315
125.73109348 240.37781939 179.82196826 176.31499165 -40.97185753 -103.28302315
125.71937521 240.42211608 179.82931288 176.31499165 -40.97185753 -103.28302315
125.68348381 240.57262686 179.85085289 176.31499165 -40.97185753 -103.28302315
125.67990126 240.58823670 179.85296517 176.31499165 -40.97185753 -103.28302315
125.65728512 240.69076654 179.86604291 176.31499165 -40.97185753 -103.28302315
125.65053061 240.72424167 179.86976490 176.31499165 -40.97185753 -103.28302315
125.59092510 241.04963441 179.90067834 176.31499165 -40.97185753 -103.28302315
125.55908505 241.17284220 179.92045119 176.31499165 -40.97185753 -103.28302315
125.53043446 241.27325189 179.93891680 176.31499165 -40.97185753 -103.28302315
125.49568940 241.39409311 179.96137009 176.31499165 -40.97185753 -103.28302315
125.36007920 241.77886479 180.05460036 176.31499165 -40.97185753 -103.28302315
125.33501905 241.83722841 180.07264943 176.31499165 -40.97185753 -103.28302315
125.32702540 241.85648176 180.07836570 176.31499165 -40.97185753 -103.28302315
125.24201830 242.06835857 180.13869512 176.31499165 -40.97185753 -103.28302315
125.23739674 242.08012188 180.14195931 176.31499165 -40.97185753 -103.28302315
125.23159848 242.09519812 180.14603412 176.31499165 -40.97185753 -103.28302315
125.22405429 242.11270735 180.15147158 176.31499165 -40.97185753 -103.28302315
125.07900877 242.42669294 180.25747164 176.31499165 -40.97185753 -103.28302315
125.05279795 242.47802024 180.27697522 176.31499165 -40.97185753 -103.28302315
124.98511627 242.59965023 180.32803994 176.31499165 -40.97185753 -103.28302315
124.79279292 242.88435781 180.47706791 176.31499165 -40.97185753 -103.28302315
124.78986453 242.88872591 180.47933494 176.31499165 -40.97185753 -103.28302315
124.75363701 242.94317578 180.50735419 176.31499165 -40.97185753 -103.28302315
124.67815270 243.03414328 180.56718375 176.31499165 -40.97185753 -103.28302315
124.66225805 243.05402904 180.57973492 176.31499165 -40.97185753 -103.28302315
124.61806838 243.11141846 180.61449370 176.31499165 -40.97185753 -103.28302315
124.39670379 243.33611103 180.79265930 176.31499165 -40.97185753 -103.28302315
124.38355658 243.34885043 180.80327984 176.31499165 -40.97185753 -103.28302315
124.25662583 243.45516254 180.90689106 176.31499165 -40.97185753 -103.28302315
124.25287432 243.45833113 180.90995165 176.31499165 -40.97185753 -103.28302315
124.05648744 243.62561083 181.07007868 176.31499165 -40.97185753 -103.28302315
124.05618917 243.62580209 181.07032592 176.31499165 -40.97185753 -103.28302315
123.88876241 243.71568768 181.21023568 176.31499165 -40.97185753 -103.28302315
123.81759822 243.75035559 181.26993170 176.31499165 -40.97185753 -103.28302315
123.77216437 243.76933675 181.30824685 176.31499165 -40.97185753 -103.28302315
123.74621475 243.77465918 181.33048605 176.31499165 -40.97185753 -103.28302315
123.61524470 243.78620574 181.44371568 176.31499165 -40.97185753 -103.28302315
123.57492835 243.79171912 181.47844485 176.31499165 -40.97185753 -103.28302315
123.49553639 243.80645303 181.54658470 176.31499165 -40.97185753 -103.28302315
123.44457935 243.81343958 181.59047878 176.31499165 -40.97185753 -103.28302315
123.41576237 243.81839749 181.61523669 176.31499165 -40.97185753 -103.28302315
123.35112959 243.83178494 181.67061948 176.31499165 -40.97185753 -103.28302315
123.26800786 243.84650346 181.74200607 176.31499165 -40.97185753 -103.28302315
123.25696988 243.84836427 181.75149173 176.31499165 -40.97185753 -103.28302315
119.89483517 242.62636730 184.75600391 176.31499165 -40.97185753 -103.28302315
119.88163919 242.61067749 184.76849786 176.31499165 -40.97185753 -103.28302315
119.74450739 242.45317597 184.89797702 176.31499165 -40.97185753 -103.28302315
119.74391007 242.45245382 184.89854334 176.31499165 -40.97185753 -103.28302315
119.65556274 242.36650701 184.98096065 176.31499165 -40.97185753 -103.28302315
119.53241601 242.27145405 185.09424771 176.31499165 -40.97185753 -103.28302315
119.52518543 242.26597508 185.10089280 176.31499165 -40.97185753 -103.28302315
119.43386223 242.19805327 185.18473890 176.31499165 -40.97185753 -103.28302315
119.42752260 242.19275345 185.19059713 176.31499165 -40.97185753 -103.28302315
119.38953778 242.15790369 185.22589691 176.31499165 -40.97185753 -103.28302315
119.32653470 242.08586281 185.28536344 176.31499165 -40.97185753 -103.28302315
119.31806218 242.07638302 185.29334697 176.31499165 -40.97185753 -103.28302315
119.31525039 242.07330498 185.29599210 176.31499165 -40.97185753 -103.28302315
119.24351621 241.97937448 185.36446644 176.31499165 -40.97185753 -103.28302315
119.20097035 241.91870176 185.40539845 176.31499165 -40.97185753 -103.28302315
119.17271200 241.88140435 185.43239167 176.31499165 -40.97185753 -103.28302315
119.03082676 241.70808277 185.56702627 176.31499165 -40.97185753 -103.28302315
118.95382162 241.56340869 185.64335562 176.31499165 -40.97185753 -103.28302315
118.87001750 241.38497960 185.72777559 176.31499165 -40.97185753 -103.28302315
118.82102074 241.26583094 185.77808744 176.31499165 -40.97185753 -103.28302315
118.74982695 241.04771017 185.85408991 176.31499165 -40.97185753 -103.28302315
118.70965159 240.91465268 185.89762095 176.31499165 -40.97185753 -103.28302315
118.65821290 240.73326734 185.95406614 176.31499165 -40.97185753 -103.28302315
118.62321672 240.59242631 185.99359143 176.31499165 -40.97185753 -103.28302315
118.62321672 240.59242631 185.99359143 176.31499165 -40.97185753 -103.28302315
118.59102591 240.33416347 186.03823789 176.31499165 -40.97185753 -103.28302315
118.58851680 240.31370836 186.04173878 176.31499165 -40.97185753 -103.28302315
118.57361866 240.10450993 186.06817679 176.31499165 -40.97185753 -103.28302315
118.57070388 240.02125089 186.07607555 176.31499165 -40.97185753 -103.28302315
118.57067362 239.93212996 186.08184166 176.31499165 -40.97185753 -103.28302315
118.57067362 239.93206579 186.08184579 176.31499165 -40.97185753 -103.28302315
118.57067349 239.93130437 186.08189495 176.31499165 -40.97185753 -103.28302315
118.57115384 239.80061903 186.08989363 176.31499165 -40.97185753 -103.28302315
118.57351079 239.72699684 186.09258415 176.31499165 -40.97185753 -103.28302315
118.58684319 239.56090087 186.09167928 176.31499165 -40.97185753 -103.28302315
118.60267191 239.40399528 186.08801015 176.31499165 -40.97185753 -103.28302315
118.63206937 239.18636086 186.07644438 176.31499165 -40.97185753 -103.28302315
118.65277699 239.06132403 186.06647703 176.31499165 -40.97185753 -103.28302315
118.72279192 238.73256189 186.02672207 176.31499165 -40.97185753 -103.28302315
118.72804637 238.70604242 186.02385750 176.31499165 -40.97185753 -103.28302315
118.72918593 238.69983080 186.02326588 176.31499165 -40.97185753 -103.28302315
118.81877254 238.25961257 185.97365743 176.31499165 -40.97185753 -103.28302315
118.82513564 238.22510735 185.97034240 176.31499165 -40.97185753 -103.28302315
118.82998082 238.19583000 185.96801159 176.31499165 -40.97185753 -103.28302315
118.83402260 238.16907202 185.96621767 176.31499165 -40.97185753 -103.28302315
118.84418677 238.09471383 185.96216156 176.31499165 -40.97185753 -103.28302315
118.87038294 237.94262495 185.94916021 176.31499165 -40.97185753 -103.28302315
118.88035712 237.86680808 185.94536337 176.31499165 -40.97185753 -103.28302315
118.89432228 237.71405900 185.94304827 176.31499165 -40.97185753 -103.28302315
118.90049883 237.65184564 185.94168009 176.31499165 -40.97185753 -103.28302315
118.90390022 237.60700597 185.94160799 176.31499165 -40.97185753 -103.28302315
118.90839911 237.52133647 185.94321044 176.31499165 -40.97185753 -103.28302315
118.92925016 237.14474859 185.94931925 176.31499165 -40.97185753 -103.28302315
118.93022428 237.12252284 185.94990299 176.31499165 -40.97185753 -103.28302315
118.93355981 237.01926421 185.95365064 176.31499165 -40.97185753 -103.28302315
118.95984350 236.58524932 185.95873039 176.31499165 -40.97185753 -103.28302315
118.96026801 236.57886005 185.95877247 176.31499165 -40.97185753 -103.28302315
119.00365299 236.24428724 185.94256576 176.31499165 -40.97185753 -103.28302315
119.00654435 236.22748872 185.94113153 176.31499165 -40.97185753 -103.28302315
119.02834354 236.12201063 185.92895460 176.31499165 -40.97185753 -103.28302315
119.03469972 236.08818452 185.92560185 176.31499165 -40.97185753 -103.28302315
119.05021809 235.99652447 185.91800070 176.31499165 -40.97185753 -103.28302315
119.05866419 235.95602965 185.91325874 176.31499165 -40.97185753 -103.28302315
119.11181469 235.76183186 185.87951308 176.31499165 -40.97185753 -103.28302315
119.11298496 235.75847865 185.87871065 176.31499165 -40.97185753 -103.28302315
119.21356584 235.49730285 185.80800362 176.31499165 -40.97185753 -103.28302315
119.23407018 235.45613588 185.79281158 176.31499165 -40.97185753 -103.28302315
119.27876248 235.38454466 185.75853006 176.31499165 -40.97185753 -103.28302315
119.34473113 235.29903808 185.70662955 176.31499165 -40.97185753 -103.28302315
119.36040842 235.27792711 185.69434644 176.31499165 -40.97185753 -103.28302315
119.40910136 235.20980360 185.65636012 176.31499165 -40.97185753 -103.28302315
119.42946780 235.18131059 185.64047183 176.31499165 -40.97185753 -103.28302315
119.43832756 235.16863562 185.63357817 176.31499165 -40.97185753 -103.28302315
119.44287139 235.16198838 185.63005214 176.31499165 -40.97185753 -103.28302315
119.57049445 234.98951466 185.53009955 176.31499165 -40.97185753 -103.28302315
119.59802297 234.95275605 185.50851099 176.31499165 -40.97185753 -103.28302315
119.70571827 234.83297643 185.42250628 176.31499165 -40.97185753 -103.28302315
119.75585930 234.78991375 185.38164578 176.31499165 -40.97185753 -103.28302315
119.77619798 234.77500446 185.36490680 176.31499165 -40.97185753 -103.28302315
119.89503931 234.69115679 185.26688838 176.31499165 -40.97185753 -103.28302315
119.92226418 234.67467193 185.24425834 176.31499165 -40.97185753 -103.28302315
119.99741548 234.63247023 185.18157785 176.31499165 -40.97185753 -103.28302315
120.02966824 234.62091928 185.15425465 176.31499165 -40.97185753 -103.28302315
120.08508874 234.59698170 185.10756809 176.31499165 -40.97185753 -103.28302315
120.14112146 234.56851992 185.06064014 176.31499165 -40.97185753 -103.28302315
120.39955558 234.48712234 184.84098694 176.31499165 -40.97185753 -103.28302315
120.43301953 234.47514098 184.81263746 176.31499165 -40.97185753 -103.28302315
120.45917338 234.46463344 184.79055447 176.31499165 -40.97185753 -103.28302315
120.46211429 234.46387272 184.78804422 176.31499165 -40.97185753 -103.28302315
120.54211776 234.45076862 184.71926724 176.31499165 -40.97185753 -103.28302315
120.55222991 234.44898793 184.71058209 176.31499165 -40.97185753 -103.28302315
120.66619005 234.42752019 184.61279386 176.31499165 -40.97185753 -103.28302315
120.67076188 234.42663362 184.60887244 176.31499165 -40.97185753 -103.28302315
120.73231389 234.41435145 184.55609943 176.31499165 -40.97185753 -103.28302315
120.79929101 234.40706218 184.49828380 176.31499165 -40.97185753 -103.28302315
120.92670582 234.39539143 184.38815602 176.31499165 -40.97185753 -103.28302315
120.96860004 234.39399869 184.35178837 176.31499165 -40.97185753 -103.28302315
121.14327010 234.40142794 184.19930782 176.31499165 -40.97185753 -103.28302315
121.23135000 234.40912800 184.12216266 176.31499165 -40.97185753 -103.28302315
121.50179359 234.43780004 183.88496956 176.31499165 -40.97185753 -103.28302315
121.52993711 234.43981679 183.86034850 176.31499165 -40.97185753 -103.28302315
121.58095800 234.44172853 183.81582578 176.31499165 -40.97185753 -103.28302315
121.62485830 234.44105170 183.77766627 176.31499165 -40.97185753 -103.28302315
121.71885544 234.43464304 183.69628045 176.31499165 -40.97185753 -103.28302315
121.81440600 234.41706327 183.61426228 176.31499165 -40.97185753 -103.28302315
121.88213804 234.39662351 183.55663664 176.31499165 -40.97185753 -103.28302315
121.92346487 234.38195954 183.52161747 176.31499165 -40.97185753 -103.28302315
121.98832903 234.40781532 183.46350590 176.31499165 -40.97185753 -103.28302315
122.01929568 234.42015947 183.43576296 176.31499165 -40.97185753 -103.28302315
122.04023125 234.42850440 183.41700688 176.31499165 -40.97185753 -103.28302315
122.22743102 234.50312500 183.24929525 176.31499165 -40.97185753 -103.28302315
122.32507064 234.54204555 183.16182026 176.31499165 -40.97185753 -103.28302315
122.32507788 234.54204839 183.16181378 176.31499165 -40.97185753 -103.28302315
122.36014451 234.55602628 183.13039772 176.31499165 -40.97185753 -103.28302315
122.61901102 234.65921414 182.89848013 176.31499165 -40.97185753 -103.28302315
122.95961459 234.79498341 182.59333460 176.31499165 -40.97185753 -103.28302315
123.06841601 234.83835276 182.49585982 176.31499165 -40.97185753 -103.28302315
123.07132442 234.83951204 182.49325419 176.31499165 -40.97185753 -103.28302315
123.07133517 234.83951676 182.49324453 176.31499165 -40.97185753 -103.28302315
123.13517583 234.86496461 182.43604991 176.31499165 -40.97185753 -103.28302315
123.15321943 234.87215642 182.41988475 176.31499165 -40.97185753 -103.28302315
123.17920571 234.88251511 182.39660372 176.31499165 -40.97185753 -103.28302315
123.19361891 234.90377572 182.38269174 176.31499165 -40.97185753 -103.28302315
123.28200907 235.02880159 182.29772029 176.31499165 -40.97185753 -103.28302315
123.36761332 235.12602930 182.21696352 176.31499165 -40.97185753 -103.28302315
123.56165231 235.30171104 182.03679147 176.31499165 -40.97185753 -103.28302315
123.59944687 235.33738504 182.00160418 176.31499165 -40.97185753 -103.28302315
123.62711518 235.36176919 181.97595611 176.31499165 -40.97185753 -103.28302315
123.80664573 235.50923335 181.81022699 176.31499165 -40.97185753 -103.28302315
124.00781975 235.68311041 181.62396209 176.31499165 -40.97185753 -103.28302315
124.02591614 235.69805895 181.60725142 176.31499165 -40.97185753 -103.28302315
124.08554862 235.74509672 181.55232837 176.31499165 -40.97185753 -103.28302315
124.16827030 235.81725420 181.47569473 176.31499165 -40.97185753 -103.28302315
124.21201875 235.85147874 181.43541957 176.31499165 -40.97185753 -103.28302315
124.25506305 235.88150362 181.39602765 176.31499165 -40.97185753 -103.28302315
124.29131919 235.90448242 181.36299676 176.31499165 -40.97185753 -103.28302315
124.38676503 235.95912209 181.27641847 176.31499165 -40.97185753 -103.28302315
124.42290442 235.98015974 181.24361418 176.31499165 -40.97185753 -103.28302315
124.47971030 236.02291291 181.19142686 176.31499165 -40.97185753 -103.28302315
124.60802588 236.13191856 181.07274312 176.31499165 -40.97185753 -103.28302315
124.64969701 236.17029973 181.03400799 176.31499165 -40.97185753 -103.28302315
124.65385638 236.17409096 181.03014424 176.31499165 -40.97185753 -103.28302315
124.80685644 236.31210332 180.88811132 176.31499165 -40.97185753 -103.28302315
125.02525023 236.51305840 180.68511743 176.31499165 -40.97185753 -103.28302315
125.10623967 236.59616589 180.60928599 176.31499165 -40.97185753 -103.28302315
125.10830555 236.59827468 180.60735239 176.31499165 -40.97185753 -103.28302315
125.13922988 236.62967852 180.57841876 176.31499165 -40.97185753 -103.28302315
125.19162370 236.68932915 180.52898263 176.31499165 -40.97185753 -103.28302315
125.28034225 236.79236120 180.44514191 176.31499165 -40.97185753 -103.28302315
125.28189433 236.79416405 180.44367515 176.31499165 -40.97185753 -103.28302315
125.28623553 236.79915036 180.43957619 176.31499165 -40.97185753 -103.28302315
125.28738100 236.80045128 180.43849559 176.31499165 -40.97185753 -103.28302315
125.28740693 236.80048067 180.43847113 176.31499165 -40.97185753 -103.28302315
125.42332954 236.95482972 180.31024727 176.31499165 -40.97185753 -103.28302315
125.43186705 236.96709621 180.30202770 176.31499165 -40.97185753 -103.28302315
125.60180300 237.24694558 180.13612185 176.31499165 -40.97185753 -103.28302315
125.60271295 237.24844016 180.13523373 176.31499165 -40.97185753 -103.28302315
125.61212645 237.26385342 180.12604919 176.31499165 -40.97185753 -103.28302315
125.61877875 237.27646588 180.11944791 176.31499165 -40.97185753 -103.28302315
125.64481597 237.32170822 180.09387589 176.31499165 -40.97185753 -103.28302315
125.73566603 237.46665661 180.00548068 176.31499165 -40.97185753 -103.28302315
125.76381912 237.52177428 179.97743137 176.31499165 -40.97185753 -103.28302315
125.77661670 237.55340972 179.96425715 176.31499165 -40.97185753 -103.28302315
125.80711487 237.63394859 179.93252986 176.31499165 -40.97185753 -103.28302315
125.86979526 237.80632848 179.86688186 176.31499165 -40.97185753 -103.28302315
125.88533877 237.86610974 179.84950535 176.31499165 -40.97185753 -103.28302315
125.96294345 238.18005448 179.76175249 176.31499165 -40.97185753 -103.28302315
125.96307405 238.18088795 179.76158516 176.31499165 -40.97185753 -103.28302315
125.98306674 238.33581162 179.73420928 176.31499165 -40.97185753 -103.28302315
125.99766611 238.52540057 179.70929421 176.31499165 -40.97185753 -103.28302315
126.00772201 238.69791278 179.68943278 176.31499165 -40.97185753 -103.28302315
126.00868989 238.79177455 179.68254540 176.31499165 -40.97185753 -103.28302315
126.00123595 239.07539861 179.67076538 176.31499165 -40.97185753 -103.28302315
126.00121381 239.07622999 179.67073110 176.31499165 -40.97185753 -103.28302315
126.00133431 239.07425007 179.67075375 176.31499165 -40.97185753 -103.28302315
126.00123595 239.07539861 179.67076538 176.31499165 -40.97185753 -103.28302315
126.00104647 239.07761119 179.67078777 176.31499165 -40.97185753 -103.28302315
125.97109721 239.41272591 179.67526749 176.31499165 -40.97185753 -103.28302315
125.93302883 239.74057311 179.68728072 176.31499165 -40.97185753 -103.28302315
125.89394831 239.87310073 179.71275417 176.31499165 -40.97185753 -103.28302315
125.85448876 239.98270334 179.74003393 176.31499165 -40.97185753 -103.28302315
125.84517202 240.00994336 179.74638720 176.31499165 -40.97185753 -103.28302315
125.81073172 240.11613575 179.76951872 176.31499165 -40.97185753 -103.28302315
125.80901730 240.12147853 179.77066656 176.31499165 -40.97185753 -103.28302315
125.77271386 240.23581385 179.79489499 176.31499165 -40.97185753 -103.28302315
125.76627247 240.25698501 179.79913692 176.31499165 -40.97185753 -103.28302315
125.73109348 240.37781939 179.82196826 176.31499165 -40.97185753 -103.28302315
125.71937521 240.42211608 179.82931288 176.31499165 -40.97185753 -103.28302315
125.68348381 240.57262686 179.85085289 176.31499165 -40.97185753 -103.28302315
125.67990126 240.58823670 179.85296517 176.31499165 -40.97185753 -103.28302315
125.65728512 240.69076654 179.86604291 176.31499165 -40.97185753 -103.28302315
125.65053061 240.72424167 179.86976490 176.31499165 -40.97185753 -103.28302315
125.59092510 241.04963441 179.90067834 176.31499165 -40.97185753 -103.28302315
125.55908505 241.17284220 179.92045119 176.31499165 -40.97185753 -103.28302315
125.53043446 241.27325189 179.93891680 176.31499165 -40.97185753 -103.28302315
125.49568940 241.39409311 179.96137009 176.31499165 -40.97185753 -103.28302315
125.36007920 241.77886479 180.05460036 176.31499165 -40.97185753 -103.28302315
125.33501905 241.83722841 180.07264943 176.31499165 -40.97185753 -103.28302315
125.32702540 241.85648176 180.07836570 176.31499165 -40.97185753 -103.28302315
125.24201830 242.06835857 180.13869512 176.31499165 -40.97185753 -103.28302315
125.23739674 242.08012188 180.14195931 176.31499165 -40.97185753 -103.28302315
125.23159848 242.09519812 180.14603412 176.31499165 -40.97185753 -103.28302315
125.22405429 242.11270735 180.15147158 176.31499165 -40.97185753 -103.28302315
125.07900877 242.42669294 180.25747164 176.31499165 -40.97185753 -103.28302315
125.05279795 242.47802024 180.27697522 176.31499165 -40.97185753 -103.28302315
124.98511627 242.59965023 180.32803994 176.31499165 -40.97185753 -103.28302315
124.79279292 242.88435781 180.47706791 176.31499165 -40.97185753 -103.28302315
124.78986453 242.88872591 180.47933494 176.31499165 -40.97185753 -103.28302315
124.75363701 242.94317578 180.50735419 176.31499165 -40.97185753 -103.28302315
124.67815270 243.03414328 180.56718375 176.31499165 -40.97185753 -103.28302315
124.66225805 243.05402904 180.57973492 176.31499165 -40.97185753 -103.28302315
124.61806838 243.11141846 180.61449370 176.31499165 -40.97185753 -103.28302315
124.39670379 243.33611103 180.79265930 176.31499165 -40.97185753 -103.28302315
124.38355658 243.34885043 180.80327984 176.31499165 -40.97185753 -103.28302315
124.25662583 243.45516254 180.90689106 176.31499165 -40.97185753 -103.28302315
124.25287432 243.45833113 180.90995165 176.31499165 -40.97185753 -103.28302315
124.05648744 243.62561083 181.07007868 176.31499165 -40.97185753 -103.28302315
124.05618917 243.62580209 181.07032592 176.31499165 -40.97185753 -103.28302315
123.88876241 243.71568768 181.21023568 176.31499165 -40.97185753 -103.28302315
123.81759822 243.75035559 181.26993170 176.31499165 -40.97185753 -103.28302315
123.77216437 243.76933675 181.30824685 176.31499165 -40.97185753 -103.28302315
123.74621475 243.77465918 181.33048605 176.31499165 -40.97185753 -103.28302315
123.61524470 243.78620574 181.44371568 176.31499165 -40.97185753 -103.28302315
123.57492835 243.79171912 181.47844485 176.31499165 -40.97185753 -103.28302315
123.49553639 243.80645303 181.54658470 176.31499165 -40.97185753 -103.28302315
123.44457935 243.81343958 181.59047878 176.31499165 -40.97185753 -103.28302315
123.41576237 243.81839749 181.61523669 176.31499165 -40.97185753 -103.28302315
123.35112959 243.83178494 181.67061948 176.31499165 -40.97185753 -103.28302315
123.26800786 243.84650346 181.74200607 176.31499165 -40.97185753 -103.28302315
123.25696988 243.84836427 181.75149173 176.31499165 -40.97185753 -103.28302315
119.89483517 242.62636730 184.75600391 176.31499165 -40.97185753 -103.28302315
119.88163919 242.61067749 184.76849786 176.31499165 -40.97185753 -103.28302315
119.74450739 242.45317597 184.89797702 176.31499165 -40.97185753 -103.28302315
119.74391007 242.45245382 184.89854334 176.31499165 -40.97185753 -103.28302315
119.65556274 242.36650701 184.98096065 176.31499165 -40.97185753 -103.28302315
119.53241601 242.27145405 185.09424771 176.31499165 -40.97185753 -103.28302315
119.52518543 242.26597508 185.10089280 176.31499165 -40.97185753 -103.28302315
119.43386223 242.19805327 185.18473890 176.31499165 -40.97185753 -103.28302315
119.42752260 242.19275345 185.19059713 176.31499165 -40.97185753 -103.28302315
119.38953778 242.15790369 185.22589691 176.31499165 -40.97185753 -103.28302315
119.32653470 242.08586281 185.28536344 176.31499165 -40.97185753 -103.28302315
119.31806218 242.07638302 185.29334697 176.31499165 -40.97185753 -103.28302315
119.31525039 242.07330498 185.29599210 176.31499165 -40.97185753 -103.28302315
119.24351621 241.97937448 185.36446644 176.31499165 -40.97185753 -103.28302315
119.20097035 241.91870176 185.40539845 176.31499165 -40.97185753 -103.28302315
119.17271200 241.88140435 185.43239167 176.31499165 -40.97185753 -103.28302315
119.03082676 241.70808277 185.56702627 176.31499165 -40.97185753 -103.28302315
118.95382162 241.56340869 185.64335562 176.31499165 -40.97185753 -103.28302315
118.87001750 241.38497960 185.72777559 176.31499165 -40.97185753 -103.28302315
118.82102074 241.26583094 185.77808744 176.31499165 -40.97185753 -103.28302315
118.74982695 241.04771017 185.85408991 176.31499165 -40.97185753 -103.28302315
118.70965159 240.91465268 185.89762095 176.31499165 -40.97185753 -103.28302315
118.65821290 240.73326734 185.95406614 176.31499165 -40.97185753 -103.28302315
118.62321672 240.59242631 185.99359143 176.31499165 -40.97185753 -103.28302315
113.89789386 242.09136379 190.00914259 176.31499165 -40.97185753 -103.28302315
