118.322809321088,240.554580374793,186.458057655414,176.395749651733,-40.7321826770236,-103.25684630731
118.288198133585,240.278320614582,186.504279991586,176.395297766532,-40.7322966011535,-103.256925792004
118.284672077018,240.249726249222,186.509015404552,176.395251017741,-40.7323084477411,-103.256934001665
118.268696616984,240.027100277089,186.535927486816,176.394891974292,-40.7324024074499,-103.256992719486
118.265345902921,239.932686681864,186.544370320828,176.394741207665,-40.7324428369656,-103.257016071373
118.265273568421,239.838115211348,186.549978594231,176.39459162515,-40.7324838318782,-103.257037970529
118.265273760675,239.838072642311,186.549980912175,176.394591554821,-40.7324838503781,-103.257037983241
118.265272374061,239.836657738957,186.550065093074,176.39458931809,-40.7324844643613,-103.257038310072
118.265715408922,239.700899795343,186.557641803736,176.39437487212,-40.7325435422545,-103.257069517901
118.268431781011,239.615061429824,186.560319293076,176.394240379193,-40.7325812918818,-103.257088133787
118.282584149275,239.438111522023,186.558419986725,176.393966949309,-40.7326603842506,-103.257122615051
118.299231216053,239.272673984728,186.553682325834,176.393712960792,-40.7327350193839,-103.257153295156
118.329921945108,239.045120058812,186.540406940431,176.393367309754,-40.7328390414086,-103.257191931132
118.352558137951,238.908303993702,186.528797029901,176.393161508638,-40.7329023163002,-103.257213244613
118.423993920954,238.572726515771,186.486518656762,176.392664436591,-40.7330601132193,-103.257258209661
118.42749182088,238.555061554015,186.484520964672,176.392638180334,-40.7330684155645,-103.257260696724
118.429183350892,238.545833281849,186.483595154276,176.392624402442,-40.7330727376699,-103.257262060654
118.519259276555,238.10297436171,186.43144969841,176.391968065681,-40.7332820719799,-103.257323383896
118.52349434368,238.079990157799,186.429125135353,176.391933848265,-40.7332929312206,-103.25732676888
118.528330478956,238.050737790276,186.426647123989,176.391890051919,-40.7333066940571,-103.257331335124
118.531019169751,238.032914484901,186.425361054281,176.391863251498,-40.7333150533254,-103.257334238317
118.541910369712,237.953112366611,186.420598022619,176.391742763753,-40.7333523832282,-103.257347764043
118.569001348992,237.795684537097,186.406340116534,176.391507766064,-40.7334268410299,-103.257371861227
118.575633657183,237.745184133503,186.403551816462,176.3914314841,-40.7334505351578,-103.25738053927
118.589656509453,237.591324449089,186.400421283941,176.391196320425,-40.7335221573911,-103.257409866161
118.595934094727,237.527919595005,186.398698734303,176.391099686062,-40.7335517943429,-103.257421717607
118.598190195305,237.498053651585,186.398495349817,176.391053847961,-40.7335656870778,-103.257427631118
118.602678615858,237.412005703957,186.399654516135,176.390920891304,-40.7336055323579,-103.257445590058
118.623404681894,237.035308156777,186.403797817643,176.390339736892,-40.7337809238517,-103.257523805248
118.624048162434,237.020504811069,186.404109069489,176.39031683416,-40.7337878248373,-103.25752695964
118.627485269453,236.912808842633,186.407452901256,176.390149656772,-40.7338379542532,-103.257550497472
118.65392559038,236.473717563665,186.410311188347,176.389474465509,-40.7340448755585,-103.257640789958
118.655075222326,236.45632914714,186.410335546036,176.389447797088,-40.7340531187293,-103.257644320061
118.700489270992,236.105466722137,186.391559115933,176.388920620146,-40.7342224758689,-103.257705268761
118.705397943309,236.0769171272,186.388979088748,176.388878343206,-40.7342364365765,-103.257709662706
118.728236313905,235.966345882029,186.375667445364,176.388716489538,-40.7342909849967,-103.257724914259
118.732466563024,235.943813903,186.373322395752,176.388683319712,-40.73430206729,-103.257728216871
118.748961405248,235.846285894845,186.36474692108,176.388538911474,-40.7343498885122,-103.25774337389
118.760592981762,235.790484184006,186.35793769764,176.388457382488,-40.7343775225889,-103.257751016674
118.818999589673,235.577056098073,186.319823170878,176.38815250827,-40.7344849313287,-103.257773801941
118.825152051418,235.559430132011,186.315522922682,176.388127996168,-40.7344939586579,-103.257775061315
118.932274513082,235.281343434188,186.238959337351,176.38774661018,-40.7346377142817,-103.25779030337
118.964495598084,235.216681010276,186.214814774523,176.387661629522,-40.7346719773185,-103.257790444876
119.022431757498,235.123926581987,186.170018939362,176.387545556453,-40.7347223838304,-103.257785197255
119.095764057371,235.028931340203,186.112002135097,176.387433673349,-40.7347754904533,-103.257773324964
119.106216723462,235.014863859691,186.10376355913,176.387416923867,-40.7347833143518,-103.257771753829
119.154915154088,234.946772670003,186.065530771361,176.387334960514,-40.7348209934365,-103.257765060625
119.175283579497,234.918292931774,186.04953978901,176.387300705262,-40.7348367565196,-103.257762262369
119.181190892597,234.9098472816,186.044912986763,176.387290486343,-40.7348414179294,-103.257761492129
119.188326853305,234.899413428109,186.039337485394,176.387277782581,-40.7348471601319,-103.25776061849
119.319078415729,234.722813199551,185.936322076389,176.387067952074,-40.7349454099607,-103.257741249096
119.353281657335,234.677168222318,185.909342291832,176.387014015532,-40.7349708559602,-103.257736064904
119.477015512981,234.539628248888,185.810118540195,176.386861917968,-40.735049631475,-103.257710905411
119.542934917518,234.483043040048,185.756275659658,176.386806863302,-40.735083540964,-103.257693635962
119.570558121275,234.462802251139,185.733508947632,176.386789183107,-40.7350960709252,-103.25768559658
119.69598550422,234.374343007685,185.629930950658,176.38671436598,-40.7351512617877,-103.257648347829
119.73097206184,234.353164097212,185.600833494724,176.386698931014,-40.7351649558387,-103.257637161291
119.82068609333,234.30279508497,185.525988987779,176.386665487915,-40.7351981412444,-103.257607595672
119.865555667885,234.286719386725,185.488019884311,176.386662845333,-40.7352103181894,-103.257590707772
119.902521321986,234.270751624176,185.456899511676,176.386656475345,-40.7352216590749,-103.257577440533
119.970407188413,234.236272269472,185.40005183497,176.386636855947,-40.7352449601816,-103.25755430173
120.241250095217,234.15091249768,185.170176231951,176.386639159626,-40.7353124683732,-103.257450207955
120.263570927419,234.142917170291,185.15128823187,176.386637880776,-40.7353184799325,-103.257441879866
120.298947559476,234.128701413701,185.121443299549,176.386633487223,-40.7353287485925,-103.257429044828
120.31773062727,234.123835930729,185.10543933345,176.38663528092,-40.7353329029687,-103.257421605351
120.404266488712,234.10962534361,185.031224122158,176.386656118709,-40.7353480560231,-103.257385508039
120.411011950749,234.108435120431,185.025443921913,176.386657617574,-40.7353492758747,-103.257382713452
120.525039107232,234.086910794659,184.927816445674,176.386680770495,-40.7353705409641,-103.257335897206
120.528088863774,234.086317796672,184.925206334531,176.386681363472,-40.7353711173331,-103.257334649905
120.595904336552,234.072761062836,184.867188830686,176.386693970593,-40.7353841003819,-103.257307036835
120.670377356065,234.064618407678,184.803078485821,176.386718143005,-40.7353950814597,-103.257275200508
120.80311748436,234.05238885099,184.688674240219,176.386764683898,-40.7354134978894,-103.257218054567
120.854341808781,234.050653913422,184.644349966802,176.386787192735,-40.7354191487486,-103.257195358177
121.037450634292,234.058304543479,184.485090295445,176.386888711698,-40.7354326110796,-103.257111243552
121.129932189283,234.066313967311,184.40440979861,176.386946230436,-40.7354373813866,-103.257067935151
121.401826772272,234.094906742988,184.16691238585,176.387122657117,-40.7354488636455,-103.25693995421
121.42060158005,234.096237112468,184.15055067625,176.387133841383,-40.7354499589994,-103.256931286321
121.471655496173,234.098112134889,184.106161301448,176.387161575455,-40.7354537652921,-103.256908155504
121.500940505999,234.097641472785,184.08079022858,176.387175125848,-40.735456685439,-103.256895248756
121.594993510065,234.091174583222,183.999599370056,176.387211080364,-40.7354684142813,-103.256854983793
121.658728151414,234.079422130979,183.945015010877,176.387224222758,-40.7354798672461,-103.256829427996
121.726492735303,234.058955450972,183.887449069236,176.387226082346,-40.7354958353575,-103.25680411356
121.802176092578,234.024675607676,183.823829347092,176.387210829924,-40.7355191034232,-103.256778489281
121.926033996313,234.073875991674,183.713508140174,176.387345655884,-40.7355068242267,-103.256712673492
121.957025521966,234.086187159016,183.685903667882,176.387379358895,-40.7355037547042,-103.256696234003
121.977976122037,234.094509341205,183.667242746075,176.387402134683,-40.7355016805437,-103.256685127024
122.165323711014,234.168929501186,183.500369741026,176.387605536192,-40.7354831580391,-103.256586034545
122.263039510525,234.207746092257,183.413332536182,176.38771143477,-40.7354735147859,-103.256534515721
122.298139198891,234.221688429928,183.382068587826,176.387749440689,-40.7354700542314,-103.256516037886
122.557205611555,234.324599101801,183.151312041435,176.388029444387,-40.7354445596958,-103.256380101042
122.89806594147,234.460002559991,182.8476969085,176.388396460704,-40.7354111460536,-103.256202449499
123.006949995482,234.503255811625,182.750709760001,176.388513367339,-40.7354005033829,-103.256145989203
123.009862511742,234.504412959887,182.748115458839,176.388516492898,-40.7354002188802,-103.256144480156
123.009869747117,234.504415782157,182.748109011085,176.388516501184,-40.7354002184062,-103.256144474703
123.073757604472,234.529794923114,182.691201505754,176.38858501885,-40.7353939806576,-103.256111415283
123.091813548744,234.536967559129,182.675118333629,176.388604377717,-40.7353922192419,-103.256102073255
123.171983416503,234.568814815531,182.603707580117,176.388690257422,-40.735384400646,-103.256060676475
123.209113414983,234.631333642875,182.567817490717,176.388801868699,-40.7353584589564,-103.256030840565
123.297608684498,234.756178515512,182.483701864989,176.389031362223,-40.7353080741912,-103.255965243401
123.354738613913,234.820895282777,182.430335442205,176.38915551766,-40.7352830337066,-103.255926517278
123.550356535033,234.997534154628,182.250253942998,176.389512470366,-40.7352184962881,-103.255804323666
123.58956330158,235.034442755878,182.214072080289,176.389586170689,-40.735204916216,-103.255779568169
123.608026065376,235.050670288011,182.197101739133,176.389619137454,-40.7351990605654,-103.255768167818
123.789416813945,235.199259621677,182.031012052962,176.389926323714,-40.735146697235,-103.255658904505
123.992446856551,235.374272315961,181.844593970334,176.390282378908,-40.7350844593628,-103.255535238638
124.004521722634,235.384220172054,181.833534187646,176.390302838664,-40.7350809817272,-103.255528000744
124.067578282294,235.433823907662,181.775916742759,176.390406105815,-40.7350639115506,-103.255490778604
124.153649691421,235.508704055422,181.69684647512,176.390557674813,-40.7350373962183,-103.25543847571
124.182840239534,235.531478174559,181.670184807914,176.390605118703,-40.7350296139691,-103.255421339314
124.225919734515,235.561444076916,181.63105231421,176.390669652026,-40.7350197991008,-103.255396872303
124.250109352355,235.576731348667,181.609169714849,176.390703570326,-40.7350149927287,-103.255383483218
124.346119870173,235.631532992245,181.522662182732,176.390829309189,-40.7349986109532,-103.255331704976
124.390991994864,235.657577649994,181.482205843138,176.390888669491,-40.7349907711021,-103.255307450851
124.459669932759,235.709125443707,181.419597045881,176.390996921052,-40.7349734972418,-103.255267816471
124.594728567202,235.823555183612,181.295702963376,176.391229035444,-40.7349337362703,-103.25518720613
124.639089330783,235.864306591606,181.254822345938,176.39130991779,-40.7349192871648,-103.255160094995
124.641864684058,235.866829775432,181.252266275185,176.391314937803,-40.7349183958504,-103.255158404651
124.795662996152,236.00519909749,181.11070491235,176.39159066083,-40.7348697827927,-103.255065278287
125.018597511007,236.20979829658,180.905268770134,176.391995416452,-40.7347979636339,-103.254930031621
125.103210507913,236.29640154229,180.826768733378,176.392162078909,-40.7347668642476,-103.254876952748
125.104588853407,236.297804959918,180.82549040146,176.392164781571,-40.7347663617274,-103.254876090447
125.139370180597,236.333035237072,180.793243575956,176.392232690454,-40.734753770783,-103.254854384895
125.196113567086,236.397474289477,180.740224222311,176.392353784285,-40.7347301730015,-103.254817505677
125.285560000508,236.501088516497,180.656527660086,176.392547533974,-40.7346921810912,-103.254759038915
125.287118890067,236.50289477807,180.655068952663,176.392550909635,-40.7346915199895,-103.254758020826
125.290015940019,236.506213619312,180.652360311944,176.392557126531,-40.7346903082927,-103.254756136945
125.291162489755,236.507512479953,180.651289192929,176.392559564595,-40.7346898351896,-103.254755395479
125.291179736232,236.507532028975,180.651273075448,176.392559603939,-40.734689828722,-103.25475537807
125.434908888548,236.670333428695,180.517000353254,176.392864991335,-40.7346307064453,-103.254662523174
125.454246566272,236.698046826889,180.498592211034,176.392914681243,-40.7346202203447,-103.254648796552
125.628020991469,236.983489695726,180.331022982116,176.393414763104,-40.7345104905964,-103.254518012887
125.628628558792,236.984484759142,180.330437289216,176.393416505141,-40.7345101099166,-103.254517557884
125.641872527903,237.006115080591,180.31767352033,176.393454397035,-40.7345018421463,-103.254507637517
125.652014260411,237.025293886273,180.30774525921,176.393487291652,-40.7344943725243,-103.254499487217
125.669393110715,237.055414382765,180.290894056596,176.393539577852,-40.734482780323,-103.254486109882
125.7657518049,237.208763473024,180.19826628494,176.3938090102,-40.7344246349768,-103.254415000675
125.803687345878,237.28284013475,180.16099113221,176.39393535353,-40.7343958753726,-103.254384123987
125.821834066141,237.327576138747,180.14261171713,176.394009585793,-40.7343781100899,-103.254367371628
125.854060723166,237.412442597739,180.10965211995,176.39414942042,-40.7343442704995,-103.254336504141
125.921901925276,237.598490470679,180.039831957325,176.394454635238,-40.7342701121922,-103.254270040963
125.941269483237,237.67274078732,180.018652863081,176.394573113787,-40.7342399237748,-103.254246586839
126.022548134341,238.00047564445,179.928820924702,176.39509408788,-40.7341069782573,-103.254144952115
126.025343729946,238.018259785908,179.925347162124,176.395121669116,-40.7340996482707,-103.254140079373
126.046967784447,238.185035716763,179.896754816664,176.395378384738,-40.7340306391093,-103.254096217784
126.062500217641,238.385368063124,179.871468526285,176.395682395769,-40.7339471355243,-103.254047697014
126.073251362052,238.568229415238,179.851360677004,176.395958515471,-40.7338709267928,-103.254004805064
126.074403398062,238.675491444065,179.844037424089,176.396118372038,-40.7338258875536,-103.253981682167
126.066746596587,238.971073260912,179.833254177109,176.396554596494,-40.7337012895661,-103.25392225761
126.066292049805,238.978602898093,179.833204615692,176.396565605667,-40.733698101091,-103.25392084682
126.065615014588,238.986535438866,179.833324324717,176.39657712303,-40.733694723768,-103.253919437509
126.035360001598,239.32618992549,179.839549476409,176.397070033681,-40.7335504933476,-103.253859639516
125.995222979023,239.672617703101,179.853951621391,176.397569583594,-40.7334034931992,-103.253802371453
125.991418001138,239.693095379375,179.856045712533,176.397598552349,-40.7333946958059,-103.253799548553
125.944612592801,239.85185005439,179.887294710137,176.397816293224,-40.7333249130125,-103.253784373204
125.90218519111,239.969696535289,179.91715710612,176.397974990247,-40.7332724707117,-103.253776105897
125.895978458424,239.987843509637,179.921472295953,176.397999568198,-40.7332644351848,-103.253774710587
125.861566174511,240.093958656194,179.945073392898,176.398144122863,-40.7332176782836,-103.253765799503
125.860424056934,240.097517886151,179.945854513119,176.398148977618,-40.7332161124967,-103.253765496663
125.82415095488,240.211769457514,179.97059111841,176.398305044694,-40.7331659362586,-103.253755612711
125.819860629641,240.225873101332,179.973482196199,176.398324391191,-40.7331597670541,-103.253754323057
125.784714877288,240.346616656858,179.99685904892,176.398490739559,-40.7331071680719,-103.253742647098
125.776911136986,240.376124997265,180.001890768536,176.398531719681,-40.7330944075756,-103.253739495652
125.74106430746,240.526516906886,180.024130328727,176.3987422632,-40.7330298683903,-103.253721886136
125.738679050848,240.536915197973,180.025587138371,176.398756862314,-40.7330254217019,-103.2537206347
125.716093923383,240.639362714654,180.039146435869,176.398901112885,-40.7329817487767,-103.253707937925
125.711597731976,240.66166117079,180.041733737062,176.398932682656,-40.7329722960514,-103.253705015867
125.650054884162,240.997933426169,180.075321128622,176.39941166579,-40.732830862681,-103.253658509521
125.614464200924,241.13569691483,180.098085685949,176.399604068666,-40.7327721170757,-103.25364350933
125.584693505571,241.240050541199,180.117768963134,176.3997488208,-40.732727423402,-103.253633246361
125.547416402632,241.369720132491,180.142474489873,176.39992870824,-40.7326719692993,-103.253620613543
125.405672630839,241.771875323707,180.24177281206,176.400477521885,-40.7324980240438,-103.253591648122
125.376792968112,241.839121302758,180.262870042058,176.400567469121,-40.7324685006475,-103.253588825365
125.371466451287,241.851948374025,180.266736232582,176.400584699417,-40.7324628914325,-103.253588219815
125.286503167308,242.063681438761,180.327987491845,176.400870540009,-40.7323707733361,-103.253577036748
125.283423525581,242.071518213082,180.330198145753,176.40088115263,-40.7323673763509,-103.253576599545
125.275552666113,242.091980650688,180.335822597239,176.4009089309,-40.732358526671,-103.253575391616
125.264280631418,242.118136975072,180.344062802013,176.400943987374,-40.7323470894708,-103.253574316855
125.115442804362,242.440247890521,180.454239858412,176.401372588482,-40.7322055203516,-103.253564994313
125.084559437815,242.500706599077,180.477477197452,176.401452065925,-40.7321787007848,-103.253564401697
125.009081786595,242.636299766261,180.534984862389,176.401628156857,-40.7321179517565,-103.253565509097
124.810614410679,242.929988267627,180.689902291921,176.401997429402,-40.7319828571766,-103.253581641341
124.808662339216,242.932898905585,180.691424751579,176.402001101761,-40.7319815218505,-103.253581795931
124.76803427005,242.993938602623,180.723084481653,176.402078257309,-40.7319535613547,-103.253584924675
124.763118405198,243.000668582803,180.726953788443,176.402086604084,-40.7319504311289,-103.253585443203
124.681869161072,243.098544747733,180.791691357829,176.402204497168,-40.7319038446621,-103.253596773853
124.671272854657,243.111796467315,180.800105676596,176.402220618442,-40.7318975840204,-103.253598157605
124.621040993967,243.177006547778,180.839853489019,176.402300724049,-40.7318669997222,-103.25360419305
124.613786776301,243.185061166559,180.84567380088,176.402310233103,-40.7318631056053,-103.253605354751
124.386050108476,243.416135594703,181.029678949756,176.402576449658,-40.7317492409796,-103.253646386431
124.365827924851,243.435723291281,181.046072905465,176.402598732875,-40.7317394884928,-103.253650235326
124.233306842646,243.546683913484,181.154530464324,176.402718535868,-40.7316822038013,-103.253679161934
124.230805503714,243.548796044562,181.156576569797,176.402720826764,-40.7316811156372,-103.253679705548
124.028726084512,243.720869080942,181.321795895267,176.402908480656,-40.7315926488115,-103.253723387844
124.020243871843,243.727187918154,181.328784113927,176.402914996008,-40.7315892774863,-103.25372541879
124.00803708269,243.735015229582,181.33891530169,176.402922449284,-40.7315849058052,-103.253728605275
123.831798482301,243.829634147839,181.486268309692,176.403002262384,-40.7315287116215,-103.253778540186
123.75347741609,243.867794141353,181.551981501218,176.403031898447,-40.7315051794317,-103.25380161293
123.690034401004,243.89430758283,181.6054702208,176.403049234056,-40.7314877663505,-103.253821257615
123.641894485777,243.904201942105,181.646657650372,176.40304680269,-40.7314784122212,-103.253838335401
123.502779350473,243.916544815081,181.766636238138,176.403014970385,-40.7314574826203,-103.253891216478
123.4758891568,243.920235522717,181.789750816731,176.403010809735,-40.7314529349716,-103.253901180297
123.393132434199,243.935629286755,181.860650826322,176.403004174691,-40.731437393859,-103.253931030618
123.338812732293,243.943104135195,181.907342534642,176.402995802288,-40.7314281748626,-103.253951208136
123.319592502484,243.946419359438,181.923824346633,176.402993865734,-40.7314246562971,-103.253958211378
123.252877988638,243.96026501454,181.980896378513,176.402990725653,-40.7314115463735,-103.253982048456
123.167076928129,243.975495104678,182.054447765287,176.40298275208,-40.7313956371537,-103.254013300843
123.119109395151,243.983602426242,182.095591033508,176.40297767424,-40.7313868851911,-103.254030883695
119.673777594767,242.735849820074,185.15811261619,176.399739752707,-40.7314509383489,-103.25574823297
119.638296752217,242.688795107562,185.191655026415,176.399651915655,-40.731465299688,-103.255774266889
119.49936149119,242.529651218911,185.321526987335,176.399347074595,-40.7315116784507,-103.255870807479
119.497154186706,242.526990416193,185.323598056588,176.399342018613,-40.7315124711467,-103.255872373911
119.438192001146,242.46978693774,185.378107718276,176.399228739679,-40.7315280782652,-103.255911126798
119.314920798599,242.374907509557,185.490620774994,176.399030546743,-40.7315508252928,-103.255986764168
119.310095687976,242.37126145529,185.49502080143,176.399022888504,-40.7315516902421,-103.255989715227
119.214789657548,242.300579953636,185.581852052457,176.39887364008,-40.7315682663939,-103.25604774671
119.201539593879,242.289534095556,185.593995335489,176.398850951556,-40.7315710702531,-103.256056104454
119.152909671223,242.245041320029,185.638794789254,176.398761425407,-40.7315829828651,-103.256087673712
119.082879142899,242.165182153295,185.704234271462,176.398607495537,-40.7316066154951,-103.256136777003
119.077224278948,242.158872146029,185.709510290008,176.398595277396,-40.731608470626,-103.256140716107
119.068495015945,242.149341940289,185.717642384428,176.398576747386,-40.7316112496402,-103.256146748817
118.98860576726,242.045016627065,185.793068934928,176.398380072368,-40.7316437357815,-103.256205883688
118.943505861083,241.980876829144,185.835956760849,176.39826067216,-40.7316642857807,-103.256240511889
118.924643293134,241.956048394212,185.853777043616,176.398213864167,-40.7316720756525,-103.256254559838
118.773836782045,241.772330549489,185.99538304431,176.397862609252,-40.7317285370346,-103.256363703607
118.769805978597,241.767135952299,185.999184564843,176.397852761891,-40.7317301691571,-103.256366692115
118.76043352314,241.750307020822,186.008302313391,176.397822355606,-40.7317359269397,-103.256374723103
118.678574488536,241.596945332637,186.088310373026,176.397546557828,-40.7317890111472,-103.256446394798
118.589356770412,241.407536320731,186.17681500632,176.397210438527,-40.7318564770526,-103.256529788376
118.534094367853,241.273549559963,186.232612261343,176.396975698338,-40.7319054589461,-103.256585366478
118.458653578914,241.043151350257,186.311566521107,176.396579861561,-40.7319926612623,-103.25667228044
118.416805701022,240.905007501595,186.355969399709,176.396343788898,-40.7320456737177,-103.256722961703
118.36332029608,240.717037700682,186.413389186711,176.396023864671,-40.7321186006171,-103.256790468352
118.322809321061,240.554580374793,186.458057655412,176.395749649426,-40.7321826768684,-103.256846310336
